34372
45870
25644
36257
44730
56248
64088
77006
87756
97639
110881
120594
131698
141846
153626
166208
176419
187702
201428
214445
225684
237337
285834
508419
287371
286375
297988
314037
327310
335392
353399
361716
375666
387524
399860
412500
427837
439253
467102
466756
483237
498823
508299
521771
533089
549766
560198
576640
587117
602012
612071
626400
643456
653973
668880
685088
697289
762208
750589
737726
752077
766981
783021
790598
836238
823102
838429
851101
865966
875648
906448
905103
929932
934555
953214
969099
980649
990782
1010856
1029832
1044341
1050680
1060535
1081223
1096928
1108380
1248006
1153104
1182750
1178673
1265076
1240501
1332481
1302808
1252069
1350871
1347217
1295467
1346101
1322729
