100;2598;2598;306217;600;2761;163990;648;389;142547;
200;10109;10109;282154;1400;10533;133551;1572;912;25716;
300;22676;22676;137973;2281;23391;63714;2586;1484;42329;
400;40152;40152;284455;3199;41196;360836;3654;2099;117705;
500;63195;63195;572252;4176;64602;253339;4816;2739;158641;
600;90636;90636;472988;5162;92367;296878;5965;3346;380693;
700;122917;122917;802506;6166;125013;537937;7187;4043;133871;
800;161111;161111;980180;7194;163596;661046;8445;4758;244570;
900;202440;202440;1380178;8276;205329;673628;9814;5418;217850;
1000;251087;251087;1684872;9360;254402;822216;10952;6270;362360;
1100;303391;303391;1868405;10444;307068;1045844;12348;6980;306481;
1200;360949;360949;1883431;11525;365006;1467506;13554;7636;422625;
1300;423416;423416;2689682;12618;427894;1433379;14989;8392;362823;
1400;492212;492212;2995023;13727;497105;1333560;16351;9162;429927;
1500;564409;564409;3386694;14838;569754;2063170;17798;10002;372441;
1600;641431;641431;4302734;15988;647200;2255679;19187;10474;643133;
1700;723877;723877;4280925;17167;730065;2236469;20488;11314;578020;
1800;811663;811663;4864958;18342;818335;2609755;21721;12023;459988;
1900;901345;901345;5144363;19531;908461;2722099;23184;13046;731698;
2000;1000572;1000572;6584248;20712;1008198;2971349;24782;13674;541420;
2100;1105898;1105898;6850075;21910;1113967;3359799;26232;14462;600777;
2200;1213221;1213221;7363702;23080;1221669;3513341;27718;15192;523099;
2300;1324052;1324052;5244546;24271;1332960;2609294;28928;16140;385036;
2400;1442495;1442495;4457967;25444;1451798;2135161;30725;16809;312282;
2500;1565469;1565469;4754490;26638;1575258;2349034;31926;17728;326120;
2600;1689485;1689485;5192736;27838;1699743;2499848;33541;18542;340107;
2700;1824633;1824633;5514786;29055;1835327;2707270;34696;19389;357954;
2800;1966242;1966242;6073249;30262;1977428;2842521;36668;20313;370691;
2900;2103097;2103097;6426519;31471;2114743;3080778;37740;20780;388737;
3000;2251753;2251753;6915455;32681;2263936;3267616;39713;22020;408002;
3100;2401318;2401318;7490971;33912;2414034;3519504;41360;22551;444080;
3200;2563639;2563639;7883150;35189;2576780;3672907;42280;23328;429470;
3300;2724789;2724789;8345394;36461;2738387;3946766;44005;24483;450768;
3400;2893685;2893685;8844954;37733;2907759;4175851;45861;24934;465269;
3500;3063708;3063708;9439013;39013;3078293;4451718;47601;25926;497654;
3600;3241873;3241873;9999147;40289;3257015;4642294;48907;27062;495556;
3700;3421086;3421086;10548997;41574;3436685;4863724;50344;27714;520204;
3800;3605902;3605902;11312630;42859;3622029;5059196;51684;28551;560077;
3900;3803027;3803027;11698514;44138;3819699;5403997;53591;29077;535511;
4000;3999485;3999485;12349158;45423;4016721;5569117;54810;30044;553848;
4100;4197525;4197525;13005200;46739;4215421;5877004;56520;31059;564317;
4200;4405801;4405801;13659362;48000;4424024;6150005;58174;31960;586833;
4300;4631877;4631877;14384414;49289;4650525;6433222;59938;33232;603826;
4400;4845837;4845837;15025699;50557;4864921;6751595;61265;33892;627413;
4500;5070341;5070341;15707535;51841;5089908;7010679;63032;34639;636636;
4600;5293142;5293142;16408053;53138;5313256;7372655;64421;34902;643607;
4700;5529588;5529588;17184740;54406;5550100;7655635;66798;36808;759185;
4800;5766497;5766497;17805224;55705;5787515;8047774;67583;37049;678085;
4900;6008224;6008224;18661584;56974;6029745;8375103;69353;37707;722515;
5000;6254746;6254746;19392408;58275;6276814;8751779;70898;38338;763461;
5100;6498905;6498905;20208881;59555;6521559;8973158;72136;39021;778755;
5200;6775284;6775284;21055633;60873;6798388;9401523;74038;40624;749006;
5300;7027494;7027494;22072680;62168;7051051;9862000;76162;41637;765820;
5400;7288023;7288023;22991120;63476;7312081;10170519;77181;41884;785175;
5500;7567078;7567078;23445196;64804;7591671;10539490;78344;42840;804391;
5600;7830128;7830128;24798648;66110;7855279;10783217;80464;43661;816812;
5700;8122444;8122444;25319518;67430;8148115;11266922;82422;45520;900622;
5800;8424805;8424805;26312677;68740;8450998;11601144;84161;45944;848800;
5900;8712657;8712657;27415750;70041;8739438;11964174;85506;46554;1015623;
6000;9011040;9011040;28223207;71363;9038406;12426309;87730;48139;882824;
6100;9305094;9305094;29199084;72671;9333089;12815270;88708;48534;898231;
6200;9619149;9619149;30240808;74025;9647657;13115736;90820;50104;909409;
6300;9916647;9916647;30986637;75393;9945594;13458649;91900;49689;922959;
6400;10235608;10235608;32531551;76784;10265092;13997584;93940;51226;937996;
6500;10579215;10579215;33458690;78144;10609143;14487705;94964;51516;989598;
6600;10884721;10884721;34119606;79523;10915203;14894259;98165;53659;980642;
6700;11215292;11215292;35301850;80893;11246309;15320592;99496;54394;1003848;
6800;11572848;11572848;36717601;82268;11604378;15824840;100209;54497;1032283;
6900;11908491;11908491;37271579;83656;11940591;16050680;102078;55835;1033764;
7000;12248098;12248098;38471596;85039;12280744;16634444;103799;56528;1044807;
7100;12595881;12595881;39809522;86412;12629160;17317907;105627;57365;1083989;
7200;12966573;12966573;40605684;87783;13000446;17574533;107517;58144;1088541;
7300;13330511;13330511;42067484;89153;13364866;17968867;108906;59049;1108336;
7400;13689297;13689297;43021071;90556;13724198;18520727;111378;60685;1111991;
7500;14085302;14085302;45195791;91938;14120738;19216141;111867;61037;1159609;
7600;14445791;14445791;45618903;93320;14481826;19507037;114407;62328;1182037;
7700;14835152;14835152;46747146;94699;14871815;19997764;116958;63706;1184266;
7800;15180026;15180026;47856029;96089;15217246;20830932;117778;64109;1184460;
7900;15618791;15618791;49066110;97480;15656625;21160713;119542;65213;1228931;
8000;15990714;15990714;50464681;98877;16029200;21580802;121425;65560;1208757;
8100;16424769;16424769;51703512;100263;16463905;22157640;122505;66620;1260249;
8200;16816226;16816226;53011079;101664;16856100;22741257;124644;67713;1247830;
8300;17225994;17225994;54840043;103036;17266204;23660440;126949;69053;1322820;
8400;17667418;17667418;55558542;104404;17708066;23864276;128938;70323;1290495;
8500;18095042;18095042;57779602;105778;18136123;24788735;129002;69822;1342268;
8600;18465844;18465844;58221657;107159;18507408;24766456;129283;70988;1309759;
8700;18927396;18927396;59605329;108555;18969545;25391493;132713;72390;1342792;
8800;19379952;19379952;60966701;109927;19422523;26000497;133794;72839;1347602;
8900;19812585;19812585;62354329;111303;19855659;26776217;136554;74631;1367740;
9000;20248994;20248994;64050984;112669;20292586;27223781;138926;76080;1387151;
9100;20716495;20716495;68760794;114064;20760657;29509554;140793;76059;1435047;
9200;21166528;21166528;67193144;115455;21211320;28639585;141907;76793;1468762;
9300;21607094;21607094;68029909;116835;21652328;28922087;143850;78224;1443841;
9400;22093980;22093980;69770494;118226;22139694;29690877;145098;78381;1541605;
9500;22553456;22553456;71183600;119615;22599718;30265332;147504;79579;1477096;
9600;23019699;23019699;73010073;120994;23066499;30807974;148628;81040;1506012;
9700;23511564;23511564;75173694;122378;23558956;32204633;151356;82535;1515709;
9800;24013033;24013033;76212680;123763;24060966;32228087;152386;82657;1528194;
9900;24512841;24512841;77928310;125170;24561322;32787771;153515;83480;1539692;
10000;24962313;24962313;78895297;126556;25011418;33477155;156415;85220;1568089;
