100;2554;2554;1289697;597;2715;736645;690;440;293899;
200;9907;9907;1387830;1397;10328;39225;1625;947;64576;
300;23114;23114;1276971;2278;23830;72137;2555;1562;70829;
400;40263;40263;1784323;3202;41312;108219;3812;2132;520754;
500;63053;63053;898274;4183;64461;556998;4799;2792;74468;
600;91307;91307;902927;5149;93038;199146;6148;3662;887530;
700;124010;124010;463490;6163;126102;260279;7067;4051;103754;
800;159407;159407;710815;7195;161897;331717;8507;4511;128505;
900;205464;205464;652780;8278;208356;908913;9589;5245;142133;
1000;254903;254903;1233153;9377;258232;469826;11060;6133;234080;
1100;302911;302911;2237348;10443;306589;559914;12136;6769;178984;
1200;361391;361391;1207085;11520;365441;1848158;13297;7439;216527;
1300;417553;417553;1501900;12616;422025;1420097;14770;8290;223273;
1400;495168;495168;2838359;13727;500043;1768326;16430;9390;466050;
1500;563389;563389;4061879;14842;568739;2531174;17843;9413;283752;
1600;643357;643357;4477690;15982;649126;2452004;19294;11024;1042792;
1700;724115;724115;6445841;17171;730299;2211484;20026;10490;202276;
1800;806165;806165;6300203;18317;812821;2015863;22102;12656;618759;
1900;901951;901951;6972307;19519;909053;2893907;22988;12479;530215;
2000;1003744;1003744;5670430;20711;1011388;2824773;24740;13500;446264;
2100;1094024;1094024;4087348;21900;1102097;2094628;26157;14499;269587;
2200;1209783;1209783;4607297;23103;1218246;2214332;26815;14483;266011;
2300;1315055;1315055;4562522;24272;1323976;2536071;29657;16472;294240;
2400;1437140;1437140;4816787;25462;1446454;2807589;30054;16299;294994;
2500;1569845;1569845;5830086;26628;1579614;2514803;32574;18142;330622;
2600;1694172;1694172;5921000;27828;1704413;3858284;33638;19546;336505;
2700;1824620;1824620;6763518;29057;1835309;3159845;34509;19517;372385;
2800;1965641;1965641;7115543;30223;1976806;2828726;37030;20135;360239;
2900;2098634;2098634;7378898;31444;2110281;3049071;37464;21045;585575;
3000;2254226;2254226;9046937;32685;2266425;3982550;38980;21590;422152;
3100;2409926;2409926;8492889;33943;2422662;4049461;40455;22597;418639;
3200;2553051;2553051;8519562;35185;2566188;4017252;42407;23237;419854;
3300;2742200;2742200;8672541;36484;2755828;4755195;44535;23698;434474;
3400;2886408;2886408;9337951;37731;2900470;4789729;45502;25669;454189;
3500;3054600;3054600;9537263;39039;3069183;5599463;46902;24994;459234;
3600;3252769;3252769;10554081;40300;3267906;5160436;48614;26133;489137;
3700;3410982;3410982;11994877;41572;3426563;4854344;49499;26765;486144;
3800;3613967;3613967;11784691;42859;3630101;5648161;52489;30152;680105;
3900;3805906;3805906;12813005;44157;3822605;5842279;52543;28216;825098;
4000;3992013;3992013;12775215;45423;4009271;6186156;54903;29984;541347;
4100;4218473;4218473;13761885;46737;4236362;6185383;57939;31865;559856;
4200;4398757;4398757;14919434;48005;4416993;6153077;58549;31820;575223;
4300;4617644;4617644;15740251;49278;4636284;7030369;61168;32641;732281;
4400;4823020;4823020;16082028;50545;4842112;6902155;60117;32494;768497;
4500;5055322;5055322;16800757;51866;5074906;7127736;62942;34443;623170;
4600;5325982;5325982;16760115;53131;5346106;7542573;65168;34082;1520857;
4700;5525751;5525751;17471612;54421;5546290;8664310;66441;36184;650123;
4800;5731415;5731415;18226717;55703;5752432;8506017;69252;36971;673462;
4900;5988071;5988071;19114402;56953;6009566;8902586;69125;37705;683878;
5000;6254946;6254946;19988246;58308;6277033;9358088;70244;39045;749855;
5100;6520693;6520693;20713062;59553;6543323;9943356;74279;41121;715085;
5200;6791706;6791706;21271288;60861;6814817;10345692;73802;40693;722024;
5300;7041309;7041309;22789734;62180;7064880;10527138;76366;42191;751216;
5400;7315583;7315583;22990871;63489;7339659;11188310;76658;41841;914470;
5500;7532894;7532894;27057005;64796;7557470;12840265;77669;42346;770269;
5600;7859920;7859920;25342235;66158;7885104;11080592;79848;44683;794535;
5700;8114846;8114846;25320808;67401;8140513;12245639;80616;43526;800585;
5800;8430871;8430871;27872081;68743;8457045;11670526;81959;44506;805730;
5900;8714926;8714926;27969830;70002;8741689;12204348;87190;50109;858873;
6000;9001370;9001370;29327474;71359;9028731;13029212;85183;48120;1029915;
6100;9307696;9307696;30424520;72644;9335668;12860163;89368;47827;861993;
6200;9594463;9594463;30978208;74067;9623010;13186559;90125;48542;893312;
6300;9889279;9889279;31878228;75381;9918236;13333153;90890;49105;889334;
6400;10248567;10248567;32814312;76789;10278070;14190727;93690;49941;905537;
6500;10554386;10554386;34063123;78118;10584317;14543695;94076;52489;926301;
6600;10855084;10855084;34971130;79530;10885568;14595003;96905;53013;940952;
6700;11247619;11247619;36464900;80884;11278622;15197111;99027;55375;983817;
6800;11602949;11602949;37184546;82322;11634515;15996511;100894;55002;984871;
6900;11894377;11894377;38115974;83583;11926422;15996362;100520;54883;983245;
7000;12234622;12234622;39742338;85029;12267271;16979735;103780;57457;1021868;
7100;12591327;12591327;40239581;86375;12624604;17142724;105535;56373;1012153;
7200;12991892;12991892;41661726;87764;13025742;17626105;106911;57441;1025438;
7300;13340840;13340840;42540936;89182;13375197;18169004;108754;58406;1088924;
7400;13674481;13674481;43835135;90508;13709365;18622369;109829;60935;1068392;
7500;14067023;14067023;45472444;91921;14102430;19087311;109053;59204;1105853;
7600;14405476;14405476;45913680;93313;14441549;19434789;115698;63516;1159135;
7700;14793241;14793241;47862944;94689;14829904;20185314;113912;62535;1126036;
7800;15240352;15240352;49066756;96074;15277567;20412758;115745;63389;1144530;
7900;15618494;15618494;51922816;97439;15656286;21278084;118812;65492;1238243;
8000;16030844;16030844;51740696;98905;16069311;21861503;121426;67254;1245369;
8100;16371443;16371443;52691079;100298;16410573;22097413;123736;69414;1412247;
8200;16827726;16827726;54155502;101639;16867585;22530393;123922;69124;1206605;
8300;17247234;17247234;55904935;103007;17287427;23171444;129483;71338;1298129;
8400;17663671;17663671;56668707;104437;17704343;23968538;128565;70285;1436937;
8500;18045012;18045012;57946322;105744;18086084;24156632;128347;69409;1304214;
8600;18522752;18522752;60213202;107191;18564358;25111301;132118;73348;1301278;
8700;18967122;18967122;60845396;108567;19009248;25621689;131706;69605;1272123;
8800;19325492;19325492;61985263;109923;19368052;25946914;134406;71744;1301066;
8900;19905472;19905472;63841504;111321;19948574;26925828;134654;74061;1320597;
9000;20207370;20207370;64963920;112672;20250927;27157588;136590;75356;1333050;
9100;20768542;20768542;66586209;114046;20812671;27702813;139942;79018;1401645;
9200;21139796;21139796;68521343;115493;21184640;28452966;141782;77314;1384920;
9300;21696592;21696592;69364044;116857;21741818;29191936;141136;75980;1380693;
9400;22102618;22102618;70363508;118214;22148324;29866120;144643;80490;1435954;
9500;22556963;22556963;72148931;119588;22603191;30108010;142612;74200;1435578;
9600;23116246;23116246;73916637;121058;23163072;30924907;148071;77541;1419405;
9700;23568811;23568811;75147891;122380;23616214;31841737;149836;78568;1428470;
9800;24023907;24023907;76405891;123751;24071822;32411054;151360;80491;1450051;
9900;24432790;24432790;78070687;125090;24481213;32890518;157556;86085;1519086;
10000;24967909;24967909;80131561;126583;25017017;33349362;154907;84673;1614564;
