18556;423;289;;6022;272;155;;13926;414;292;;7283;392;213;;12965;396;267;;5160;219;132;;13034;423;284;;6112;418;208;;11231;459;302;;4789;318;165;;12013;450;330;;4309;244;112;;11913;459;323;;4770;266;180;;9177;387;269;;5921;246;213;;10570;414;284;;3005;145;74;;9598;387;256;;7344;265;139;;
20829;909;601;;9278;643;286;;21471;927;623;;8717;718;241;;20680;900;608;;12694;779;534;;21911;963;653;;13526;964;519;;19497;873;590;;11331;679;462;;23094;1017;707;;9989;620;391;;19597;882;592;;6673;439;201;;18976;873;566;;4889;337;118;;18735;855;568;;13276;860;585;;20118;927;620;;30308;830;431;;
31109;1413;939;;18154;1367;728;;31670;1431;954;;16251;1005;836;;17173;792;525;;11071;647;388;;27202;1296;842;;13916;811;523;;31549;1458;988;;16140;1233;606;;32261;1494;970;;13555;871;487;;29145;1359;909;;17113;1096;780;;30888;1413;940;;12915;1040;377;;30268;1377;901;;11752;684;515;;31238;1431;940;;14217;933;562;;
41158;1926;1274;;12855;761;489;;41568;1944;1282;;29115;2092;1258;;43102;2043;1322;;16110;959;614;;42591;2007;1313;;17483;1042;618;;366926;1971;1279;;16782;1035;555;;39254;1863;1221;;19237;1636;719;;36580;1773;1138;;17002;1496;499;;40798;1953;1272;;18735;1220;673;;37721;1818;1190;;16622;994;524;;42391;1971;1311;;18996;1451;680;;
49324;2403;1552;;23645;1881;698;;54283;2502;1636;;18566;1713;505;;56347;2610;1734;;19628;1176;886;;37170;2223;1436;;22463;2139;964;;43512;2502;1633;;10089;918;314;;43973;2529;1677;;22012;1634;1094;;40637;2403;1553;;10630;924;336;;43743;2520;1651;;13476;1629;477;;42640;2457;1588;;14678;1688;636;;41709;2403;1584;;16622;1270;908;;
78218;3006;1967;;26551;2461;1197;;53171;3078;2033;;19708;1682;755;;48402;2880;1879;;19958;1641;785;;52931;3105;2042;;21291;2013;883;;50176;2934;1902;;20599;1546;951;;51978;3033;1986;;21992;1903;1084;;47981;2853;1861;;29556;2733;1472;;49684;3006;1922;;27382;2526;1236;;48692;2889;1854;;31640;2541;1701;;46889;2781;1801;;19808;1448;917;;
61396;3528;2302;;24407;2077;947;;58952;3546;2272;;18425;1338;856;;61637;3609;2330;;24366;2234;915;;57128;3393;2218;;23765;2604;802;;61866;3627;2351;;16351;1394;564;;57549;3447;2234;;47790;5175;2525;;59934;3582;2303;;23535;2041;883;;60375;3492;2306;;320978;2979;1377;;59292;3474;2257;;20659;1641;763;;57189;3447;2229;;37591;3344;2055;;
170553;4149;2702;;41208;3237;2178;;69682;4131;2644;;33744;2838;1736;;66777;4023;2581;;22202;1647;962;;66987;4005;2583;;26090;2249;1181;;67669;4005;2580;;27312;2235;1076;;68580;4050;2648;;34676;3805;1519;;68099;4122;2657;;24105;1805;926;;1116798;4023;2601;;35628;2680;2077;;66827;4023;2586;;40406;3193;2216;;70373;4167;2697;;33664;2843;1636;;
69953;4329;2742;;18465;1527;667;;77637;4581;2957;;22813;1673;1084;;74432;4491;2867;;43453;3853;2325;;70353;4320;2774;;53812;5025;3026;;77427;4644;3012;;44024;3935;2362;;76796;4662;2990;;23845;1710;931;;78599;4617;3007;;32561;3025;1323;;79190;4653;2990;;15089;1320;554;;77787;4653;3012;;22954;1951;1061;;77387;4635;2953;;35156;3457;1465;;
90631;5202;3366;;31980;2943;1192;;85211;5103;3257;;42791;3437;2115;;84109;5058;3262;;34515;3397;1373;;84611;5211;3298;;38293;3244;1843;;87526;5301;3402;;26119;3046;748;;103927;5184;3304;;30248;2997;1002;;87356;5274;3358;;44514;3939;2035;;84731;5139;3262;;33954;2865;1589;;78138;4869;3090;;26350;2669;789;;87546;5247;3372;;39565;4604;1504;;
96663;5670;3602;;41178;3271;2057;;98266;5751;3715;;27202;2113;946;;81214;5004;3169;;38874;3818;1391;;91223;5535;3515;;45908;4389;1866;;98898;5823;3794;;33013;3058;1062;;87777;5373;3446;;46599;3863;2529;;97344;5850;3781;;30959;2307;1167;;96113;5841;3734;;61686;6084;3429;;94981;5796;3687;;25809;2908;798;;95241;5778;3682;;33323;2682;1170;;
154984;6129;3897;;48752;5247;1811;;93528;5652;3579;;47470;5854;1683;;104639;6264;4002;;42711;3159;1967;;104609;6282;4004;;41770;4423;1430;;99579;6084;3894;;40668;3165;1774;;129345;6327;4048;;53061;4686;2493;;105079;6336;4060;;35317;2609;1343;;105169;6300;4062;;39816;3170;1594;;102764;6246;4018;;38543;3322;1532;;97665;5832;3744;;47430;3848;2329;;
165013;6957;4469;;61277;5332;3032;;116751;6894;4457;;56056;6075;2334;;110359;6786;4368;;60715;5103;3637;;113705;6804;4383;;42501;3599;1575;;113345;6930;4508;;50095;4477;2113;;118885;6750;4353;;52500;5474;1822;;105750;6480;4128;;40086;3033;1484;;112062;6831;4410;;59943;6145;2679;;116211;7020;4521;;67508;6475;3627;;106893;6597;4157;;59002;5645;2699;;
121731;7479;4750;;63040;6466;2769;;124215;7551;4837;;53973;4128;2913;;115248;6993;4437;;46007;3474;2336;;122563;7326;4727;;55114;4459;2761;;117452;7290;4624;;41769;4220;1435;;4126136;7371;4715;;58210;6032;2363;;126119;7488;4836;;46378;4071;1994;;119978;7236;4599;;36619;3480;1316;;121370;7416;4793;;46889;3484;2201;;119206;7272;4674;;78498;5801;2421;;
133984;8064;5181;;34285;2667;1335;;121421;7578;4804;;50626;4552;1783;;131580;7965;5093;;75493;6820;4106;;152980;8208;5286;;69111;7688;3385;;126821;7803;4968;;60836;5191;2975;;129395;7785;4990;;53401;4514;2539;;130357;7884;5080;;46859;4921;1563;;134184;8001;5162;;82647;6837;3343;;127441;7785;5002;;58461;5050;2599;;132170;7947;5119;;44795;3750;1638;;
140155;8469;5440;;64962;5722;3238;;134986;8343;5279;;46678;4616;1663;;142581;8568;5493;;61556;5330;2695;;159653;8514;5462;;52068;4776;1884;;136358;8424;5390;;45787;4184;1709;;125708;7596;4867;;60364;5114;3148;;139254;8505;5402;;53401;4271;2393;;139645;8496;5427;;62106;4777;2049;;136669;8460;5387;;44845;3302;2157;;137401;8415;5411;;53050;4096;3012;;
153511;9036;5738;;86905;7860;4572;;145386;8802;5578;;62558;6192;2913;;215219;9135;5835;;101843;9751;5595;;151046;9171;5848;;77798;7133;4502;;137651;8640;5474;;47941;3679;2122;;140516;8712;5540;;50486;4926;1898;;150345;9000;5729;;63150;5431;2661;;143893;8973;5692;;51668;5183;1765;;146197;9090;5778;;55926;5983;1895;;143222;8838;5659;;94088;8929;4089;;
157990;9351;5971;;123685;8413;3534;;154363;9486;6022;;59933;5272;2405;;138533;8694;5468;;79461;7574;3789;;159192;9702;6193;;48151;3697;1748;;160865;9324;5885;;47269;3945;1752;;157188;9747;6187;;71355;5978;3121;;154413;9603;6082;;65273;5334;3474;;161527;9738;6174;;54673;3320;1377;;158621;9657;6178;;66306;5239;2881;;161325;9774;6225;;47580;3727;1786;;
172938;10197;6482;;60394;4978;2282;;169181;10251;6531;;70333;5008;3507;;165223;10287;6517;;53231;4005;2159;;160535;9963;6291;;84370;8881;3648;;170524;10431;6629;;62599;5329;2858;;181504;10098;6423;;66867;5396;3632;;160123;9900;6253;;61656;5222;2421;;165264;10242;6509;;67057;5728;2919;;164743;10215;6503;;52219;4590;1884;;148852;9378;5902;;48041;4488;2282;;
176795;10827;6864;;50245;4614;2013;;174602;10719;6777;;511109;5998;2474;;176014;10764;6841;;90922;6945;5013;;195631;10989;7037;;91243;9041;4460;;172267;10665;6781;;138693;13242;8324;;172247;10692;6740;;109458;9158;6504;;2194031;10701;6774;;118915;8326;6371;;178097;10872;6940;;81564;8454;3555;;186293;10971;6924;;70193;6574;3244;;175823;10746;6855;;65252;7395;2172;;
186254;11475;7252;;76074;6322;3390;;183287;11358;7206;;72688;6667;3211;;186484;11403;7244;;97645;7894;5744;;182687;11286;7117;;71947;4572;2696;;183919;11367;7185;;86665;9711;3306;;184239;11367;7263;;48362;4407;1968;;176384;11124;6992;;141148;11662;7215;;189339;11574;7398;;65043;7302;2257;;176145;11016;6946;;57960;5339;2048;;183308;11250;7091;;88568;10124;3286;;
192705;11709;7438;;54584;6527;1624;;197415;11979;7597;;104658;11720;4476;;264882;11889;7529;;77176;6558;2048;;192575;11934;7571;;109217;10565;5739;;194248;11853;7505;;106282;7961;4528;;187776;11673;7332;;82406;9246;3650;;188588;11592;7316;;73760;5843;3033;;193336;11979;7604;;88849;4913;2361;;194870;11889;7605;;102515;9273;5409;;199509;12033;7673;;76264;5888;4495;;
212804;12456;7930;;65354;5758;2363;;166997;10602;6610;;71807;7512;3466;;228142;12492;7881;;74131;5733;3493;;181695;11322;7110;;64301;5041;2437;;200089;12483;7918;;91343;7947;4191;;2362481;12465;7904;;150415;14945;8260;;205330;12537;7920;;97374;7144;3702;;242940;12528;7948;;75643;7306;3463;;210298;12456;7924;;113305;11208;5888;;193937;12123;7638;;60665;5884;2109;;
214767;13266;8407;;121991;7963;5400;;210740;13131;8335;;93657;11943;3459;;211161;13167;8382;;104788;9941;4940;;227101;12735;8119;;84120;9569;2784;;207403;12924;8200;;99178;7902;4962;;211511;12870;8200;;109749;11321;3691;;195200;12357;7754;;97545;8356;4695;;214507;13221;8426;;82206;6999;3494;;4355891;12996;8202;;67258;5407;2348;;207183;12870;8175;;112974;12154;5738;;
287545;13491;8553;;117813;11601;5582;;219145;13527;8580;;63070;5961;2282;;214647;13662;8686;;130177;11166;5204;;206542;13032;8182;;188918;17060;12267;;216069;13536;8528;;106492;9676;5099;;223564;13869;8821;;126369;11970;6445;;216109;13374;8437;;87877;6920;4357;;4195567;13554;8596;;99288;8805;4513;;209928;13212;8330;;79581;6410;3194;;208555;13149;8290;;117152;10297;3900;;
223584;13806;8680;;95912;7678;4469;;224806;14184;8953;;119056;10490;5898;;200711;12582;7875;;80523;5932;3932;;218755;13770;8707;;103977;8671;4726;;242199;14202;8951;;88047;7136;3598;;228855;14067;8920;;90211;9563;3402;;226770;13905;8762;;116942;10356;6068;;234034;14175;9038;;96162;8766;3819;;225347;14094;8922;;136779;15569;6686;;223684;13707;8662;;126098;11002;6753;;
224977;13977;8808;;117763;10988;5411;;253371;14652;9307;;64653;5114;2383;;232250;14733;9354;;93177;10523;3419;;247119;14724;9342;;126811;14663;5617;;217192;13365;8439;;74051;7569;2316;;241538;14832;9406;;146858;8382;5905;;236579;14589;9250;;83048;7389;3843;;217292;13644;8545;;70194;5472;3123;;4224311;14652;9305;;64823;6833;2026;;236028;14445;9103;;128725;10983;6647;;
259582;14787;9361;;116822;9776;5344;;233022;14706;9328;;91774;12126;2847;;257327;15084;9486;;155635;12946;9311;;218605;13797;8705;;79611;6020;3426;;246067;15003;9583;;100190;9369;2814;;240866;15102;9530;;108065;11806;3549;;236198;14697;9236;;56497;4671;2219;;4227598;15282;9680;;74191;6206;2389;;251577;15354;9687;;95071;8695;5070;;261555;15147;9613;;90411;7977;3431;;
258470;15840;10056;;75744;7400;2415;;305079;16308;10367;;96783;8453;3476;;255184;15525;9884;;99989;9723;4131;;240696;14958;9441;;54874;5843;1744;;250485;15507;9826;;103797;8747;5436;;254773;15597;9905;;87977;10248;2917;;8150167;15660;9872;;112904;11456;5100;;253210;15912;10034;;96604;9586;3789;;266385;15876;10020;;112414;9567;4866;;252028;15741;9999;;104348;11099;3624;;
264031;16416;10397;;133062;13046;6243;;265533;15714;9827;;121089;9751;3508;;261917;16362;10374;;110279;9867;4326;;259631;16461;10407;;91704;9771;3090;;266876;16488;10490;;145727;13672;7121;;266846;16560;10514;;74983;8311;2584;;264081;16542;10430;;133122;11339;6668;;264712;16290;10292;;149634;13488;8399;;268118;16389;10388;;79541;7336;2555;;257057;16263;10234;;123193;8485;3254;;
269982;16848;10671;;148712;13054;7605;;287485;16650;10545;;100371;12171;3259;;271495;16929;10741;;89741;8952;3337;;284650;16659;10557;;140727;11727;7474;;267077;16848;10625;;147320;12952;7545;;285170;16731;10592;;107524;9645;4308;;271224;16884;10658;;133583;11135;7150;;275212;16740;10517;;141689;11127;4838;;327782;16866;10603;;104778;6627;4013;;585403;15282;9626;;328253;10367;6469;;
286944;17136;10844;;91223;9652;3115;;302293;17640;11148;;156657;14293;7758;;278338;17307;10918;;88668;9146;3108;;251698;16245;10174;;158140;10775;7472;;272026;16965;10640;;146227;14267;6889;;293697;17541;11191;;85161;6347;3378;;280031;17217;10900;;98346;7540;4414;;269901;16920;10655;;4107470;12025;4317;;285331;17361;11038;;84941;7318;3183;;305890;17460;11084;;59463;5795;1885;;
255244;16344;10293;;159112;16241;7443;;314546;16623;10424;;128863;12423;6052;;289729;18198;11474;;118084;12177;5282;;2227515;18000;11382;;90401;8580;4237;;284149;18036;11387;;125207;12368;6105;;324265;17991;11308;;71836;7655;2694;;278128;17640;11070;;161006;13605;9180;;2282038;18198;11521;;140396;16408;5918;;294989;18171;11460;;76726;7410;2546;;292775;18126;11435;;103286;10326;4588;;
288126;17838;11200;;162979;16335;7675;;293847;17100;10760;;186334;15681;10772;;284289;18099;11310;;132721;10347;7949;;305980;18918;11984;;106572;10324;3592;;299318;18801;11877;;120248;15179;4563;;298637;18162;11401;;137250;10427;7229;;294068;18540;11715;;131790;11714;6937;;8233805;18486;11688;;129877;11376;6235;;299618;18738;11869;;144053;11030;6301;;296863;18585;11703;;125828;10415;6692;;
295310;18558;11633;;153100;12748;7681;;306101;19026;11976;;100741;10560;4964;;287275;18261;11503;;136348;9230;5687;;311200;19188;12087;;93828;7098;3733;;315007;19647;12441;;124695;11273;4236;;307122;18936;11956;;164142;17850;7635;;4299023;18720;11798;;129927;10330;6276;;296643;18639;11801;;91132;9140;2859;;324034;18936;11924;;138823;13207;6318;;275142;17487;10983;;94830;8041;3982;;
325888;20052;12628;;120980;10336;5131;;339504;19692;12469;;115449;11048;5202;;292585;18900;11843;;120188;10173;4719;;321179;19521;12262;;117994;10409;4570;;311361;19719;12394;;76966;7006;2662;;330116;19674;12361;;89059;7119;3784;;323894;20052;12651;;185562;20625;9029;;314245;19845;12510;;139314;14411;5717;;346978;18954;11895;;108336;10065;3714;;307293;19197;12134;;132030;13790;6089;;
324285;20241;12725;;114607;8750;5710;;317562;20250;12725;;114347;8729;6506;;279720;18162;11347;;2194372;15079;8351;;332110;20349;12874;;130297;10685;6312;;338853;20079;12729;;168800;17361;8085;;327701;20331;12764;;141148;13426;7600;;322492;20070;12626;;131530;13482;4720;;341107;20250;12721;;203646;19301;11665;;327030;20340;12855;;84490;7449;2797;;2219450;19224;12046;;179711;15522;9609;;
338402;20880;13192;;104779;8891;4462;;327441;20718;13079;;148161;14300;7450;;293767;18648;11653;;139244;8900;4623;;327130;20826;13190;;201672;18472;11481;;337349;20853;13122;;100861;10986;3515;;324987;20646;12973;;136228;10101;6603;;346978;20826;13134;;122862;10662;6181;;307583;19305;12075;;5151710;15629;8691;;332080;20826;13134;;102514;8591;3723;;321570;18900;11823;;139905;12210;5905;;
336108;21195;13303;;169982;15976;8543;;344834;21843;13786;;166817;14467;8304;;352709;21456;13508;;115619;10066;4607;;329144;20493;12843;;112754;10555;5044;;8587196;21321;13365;;154272;12774;6892;;349723;21132;13353;;153781;13381;7047;;342029;21447;13485;;123995;11295;4965;;340586;21573;13591;;127121;10518;5295;;353610;21249;13324;;153691;12113;7676;;313464;19818;12427;;164231;17926;6613;;
383858;22329;13993;;158250;14345;7131;;347078;21924;13784;;141989;14181;5415;;349964;21969;13803;;166916;15311;7465;;378558;21726;13647;;136679;10857;5997;;349432;22059;13871;;1210746;14375;10374;;338061;21060;13152;;204799;17036;11532;;162058;9315;5720;;135186;11320;5369;;316881;20286;12648;;156577;16244;6197;;3109217;22140;13991;;157128;16222;7628;;353500;21978;13796;;170654;16031;7612;;
357938;22464;14180;;122571;10124;4904;;362287;22428;14121;;171746;16684;8226;;363680;22770;14198;;197214;15518;12735;;362057;22626;14230;;109698;8455;4040;;355674;22536;14101;;115208;9818;4148;;376464;22311;14026;;169020;14866;8526;;348792;22338;14067;;174711;19503;8719;;4337296;22248;13998;;151668;11734;6914;;378808;22851;14366;;91223;10624;2802;;364281;22761;14265;;160083;12496;7629;;
398155;23184;14536;;152609;13497;6231;;346387;21843;13637;;144544;13965;5728;;366826;23328;14623;;280492;29140;16914;;409176;23076;14427;;214757;20367;11253;;3421228;23184;14601;;142831;12843;5313;;327060;20511;12787;;194148;20134;9264;;199990;12015;7554;;201893;15075;7092;;371746;23166;14565;;125518;11821;4188;;377135;23157;14504;;146438;12434;5686;;373178;23490;14686;;64372;4199;2148;;
371665;23418;14675;;186264;15190;9697;;382946;23076;14512;;138643;12588;7283;;385401;24273;15296;;193597;15207;8497;;370824;23742;14871;;198536;18078;11371;;4368665;23697;14889;;176375;15249;8392;;406350;23922;15148;;137641;11940;5607;;386443;23994;15054;;182135;16339;9068;;373408;23688;14797;;142881;17769;5323;;391493;24057;15193;;161536;14121;6752;;378759;23940;15132;;164712;15043;7086;;
423373;24075;15141;;191113;19574;8831;;392124;24435;15363;;185262;20852;6946;;392134;24669;15454;;112673;12686;3666;;351496;21987;13782;;147589;12923;6125;;382365;24435;15376;;111802;16246;3042;;379250;24156;15160;;194930;17629;11693;;4368244;24156;15147;;167858;15915;6722;;380552;24129;15129;;133433;10340;5293;;389239;24507;15439;;117203;11858;4291;;6332449;24228;15263;;205940;18336;10397;;
399257;25038;15724;;216511;17736;11754;;431879;25200;15799;;171285;17304;8243;;2824065;24624;15440;;76435;7355;2415;;399318;24390;15305;;157448;13233;6177;;385902;24714;15545;;133924;16779;4184;;2098931;24831;15600;;152179;12973;4557;;393326;24786;15634;;166235;12793;9355;;408665;24993;15655;;114217;8767;5294;;2478932;24561;15388;;162799;14666;7027;;373759;24273;15179;;228434;13508;8932;;
381944;24192;15246;;201673;19103;9250;;378067;23121;14414;;149013;17083;5252;;435696;24453;15322;;138423;11111;5684;;367848;23112;14484;;249963;19227;16515;;402313;25029;15600;;180251;15858;8379;;429505;25569;15984;;141729;12028;5345;;398767;25119;15686;;237110;24310;9983;;392003;24867;15574;;168480;13574;10357;;389980;24723;15403;;151658;12941;6408;;414637;25416;15970;;128433;14791;4078;;
390391;24948;15677;;162438;13122;7832;;435215;25551;15996;;165614;15203;6267;;399728;25704;16091;;83228;6773;2866;;408185;26091;16434;;132261;13358;6193;;425276;25974;16309;;271555;24976;15075;;422812;25524;16051;;256005;26563;12937;;426339;26307;16565;;4104274;13544;3646;;403656;25434;15932;;193237;19538;9012;;423734;26460;16674;;109167;9038;4347;;2429047;25803;16133;;194339;19568;8351;;
438632;26631;16736;;107484;8375;4408;;425507;26784;16830;;206542;20128;8460;;416199;26370;16541;;158981;13000;7861;;2849504;26631;16811;;235146;16845;10934;;419696;26631;16861;;195681;19035;8792;;2202417;24273;15185;;189700;16228;10038;;422051;26235;16448;;224516;17103;10627;;426458;26784;16831;;160665;14049;6994;;431349;26766;16848;;150175;15127;5086;;430386;26820;16894;;237901;19652;13179;;
444283;26982;16937;;223093;19578;11466;;413223;26118;16374;;195040;14704;11409;;422261;27270;17108;;236198;20436;12541;;422391;25686;16094;;227802;21836;13573;;4380849;24615;15406;;201913;18240;9925;;443051;26856;16814;;232822;20136;13421;;431729;27387;17227;;2191226;17070;7247;;432240;26964;16962;;265474;25668;14301;;427050;26910;16884;;195761;16129;8918;;446506;27234;17067;;145626;20146;5090;;
443671;27162;16892;;227371;24403;10021;;442459;27738;17479;;224195;17446;11128;;427621;27018;16932;;186593;15187;8956;;7057304;27882;17434;;184921;22467;6061;;433312;27495;17235;;189299;12740;6771;;437259;28206;17700;;165243;15587;6819;;440295;27540;17271;;151196;11474;5988;;453260;27783;17458;;201322;19935;8557;;440275;26604;16611;;214717;17313;11440;;443841;27792;17340;;6959790;20637;8222;;
453910;28575;17892;;133062;10514;5564;;433923;27549;17202;;99919;10251;3065;;455644;28053;17478;;169551;13922;7378;;454552;27612;17307;;187245;15461;9061;;451717;28539;17919;;149123;12225;6285;;448782;28080;17525;;179420;14331;8695;;456185;28215;17632;;230838;19028;12093;;471094;28251;17737;;234585;19031;12576;;404577;24894;15450;;178548;14322;7854;;431598;27657;17324;;4143468;12874;5232;;
457237;28773;18000;;265354;22422;13943;;443271;28278;17734;;186463;17273;9106;;434774;27567;17281;;178979;15568;7501;;465894;28404;17792;;209127;20383;8880;;11316653;28224;17663;;196954;19062;10797;;489849;28818;18071;;230016;19983;13982;;455715;28530;17899;;231740;21113;13152;;449242;28638;17940;;159112;15364;8045;;454512;28926;18148;;202544;21294;9000;;461695;28521;17907;;128754;9487;4935;;
469661;29088;18228;;205781;18080;9393;;458429;28971;18118;;157158;19112;5476;;423112;26442;16423;;147970;11456;5417;;2487558;29394;18395;;251726;24934;12093;;1801717;29502;18503;;344894;32828;20727;;508595;29628;18624;;218755;16948;12910;;2776696;29313;18359;;217703;19575;10124;;465943;29547;18551;;187887;17458;8952;;472927;28935;18167;;193658;17673;8636;;469952;29745;18697;;172076;16297;6424;;
487725;26631;16586;;236278;23820;11805;;482585;30267;19019;;163259;20410;4848;;449102;27495;17201;;137741;13637;6139;;463128;29691;18690;;215378;22732;9598;;472366;29934;18827;;184440;21462;8396;;474520;29943;18750;;251457;21877;13025;;501211;29961;18916;;206542;19520;9070;;2603397;29556;18525;;178809;14339;7307;;500689;30033;18814;;248851;19815;15235;;495299;30078;18835;;240376;25763;10686;;
483557;29907;18823;;223023;16369;11358;;481433;30744;19176;;203967;19814;10393;;492685;30762;19370;;153321;14431;5007;;479810;29439;18396;;272767;28880;13391;;9596810;30645;19184;;138262;10646;7517;;525256;30384;19009;;214336;19149;10380;;544243;30861;19342;;224936;22050;10436;;3000892;29943;18732;;235467;25628;9859;;477937;30267;18941;;223594;23090;9018;;502052;30627;19251;;287335;20311;12229;;
485992;30303;19062;;286052;24825;14704;;491863;31401;19721;;195150;19701;7418;;493526;31023;19536;;148271;15859;4663;;489047;30240;18957;;155325;16253;5742;;505469;30708;19187;;318074;31295;19458;;4466291;29781;18667;;175754;15013;6676;;506489;30438;19071;;198477;18632;7834;;484780;30852;19344;;2228928;14927;9325;;488135;31374;19639;;178309;18570;6009;;481503;30762;19325;;227502;25266;9860;;
453811;28602;17813;;142840;12131;5884;;498906;31734;19934;;269391;28214;13732;;553510;32121;20181;;228724;17642;11254;;506950;30762;19244;;155275;11565;7375;;4171882;31608;19802;;287375;17821;13279;;503735;31590;19847;;178008;14348;5255;;517672;32247;20347;;257388;26778;11519;;503886;31941;20062;;218053;20336;9613;;505799;32058;20096;;186974;22385;6700;;3127472;31761;19909;;229485;18311;12609;;
527340;32103;20108;;143382;14157;4804;;494017;30915;19392;;201061;17741;8730;;501751;32229;20260;;231169;18046;11200;;516630;32508;20476;;376985;29079;22718;;502884;32013;20027;;159632;12308;7003;;502383;31797;19937;;105911;8578;4699;;523813;32517;20415;;226078;19778;12608;;532861;32562;20574;;197715;18891;9165;;3634573;32184;20177;;130586;14972;3860;;530596;32130;20186;;203305;16163;8478;;
535656;32013;20108;;285701;23968;15969;;1839448;31293;19570;;181103;16294;6605;;544452;31986;19931;;193868;23061;6832;;533141;32319;20271;;275312;30172;12183;;3488265;31806;19944;;246127;20666;11821;;562527;33426;20977;;268048;26319;12313;;527631;33021;20761;;142230;19215;4013;;465713;29988;18813;;141909;10927;4305;;456335;29484;18486;;228313;25099;9839;;517802;32841;20640;;94238;9334;2957;;
513724;32913;20531;;242810;17538;10336;;527570;33057;20694;;271845;20904;13383;;530596;33372;20906;;309437;25816;15630;;529043;33021;20692;;118865;12147;3862;;530356;33714;21129;;199849;19877;8420;;517630;33183;20826;;203787;15534;8945;;545575;33696;21213;;2277890;19942;5735;;519695;33021;20607;;260414;26154;10146;;491732;31419;19615;;161687;10919;6080;;520838;33291;20875;;198577;18941;7391;;
529263;33669;21002;;283097;27124;14131;;498395;30906;19297;;154994;13284;3914;;533031;34263;21491;;231829;18568;9677;;539573;33561;20983;;189720;16202;7176;;549482;34371;21581;;202894;15996;9827;;538512;34335;21526;;158380;12916;7631;;535525;33570;20971;;236037;21996;9827;;497684;31707;19696;;230768;19141;11256;;3832488;33867;21218;;309106;28325;16263;;524585;33777;21167;;213675;22158;8938;;
583016;34380;21598;;323364;28820;17947;;576744;34236;21499;;205790;17200;9306;;560152;35136;22105;;180983;16429;6868;;545595;33048;20731;;322993;27206;18514;;642879;34245;21505;;191965;14744;6946;;7452645;33345;20813;;270243;23505;13928;;577295;34434;21667;;200139;20470;8081;;559851;34803;21802;;136318;10231;6692;;572265;34434;21573;;211291;16601;8719;;566154;35046;22037;;219536;19230;8602;;
565963;34911;21879;;243372;19707;14026;;2298219;34776;21687;;258029;22172;8502;;541226;34560;21642;;235066;16129;12313;;545555;35298;22066;;5691082;25317;13307;;1917116;35019;21929;;333583;26578;16000;;556015;35253;22161;;210890;17991;8204;;556265;34803;21788;;232842;20911;12253;;555013;34920;21854;;333542;30868;18667;;558379;35280;22216;;5504750;20019;9442;;571584;35073;21935;;332360;27432;19061;;
559962;35586;22298;;293767;25058;15680;;525787;33876;21203;;251767;21003;12554;;559591;35586;22267;;241989;20468;9284;;502673;31707;19789;;3812330;21035;6922;;617571;35973;22532;;249122;19341;13995;;586712;36288;22827;;224616;20622;8964;;2988408;35217;22073;;201101;15915;7463;;573948;36081;22545;;303686;29476;14648;;608433;35739;22455;;354312;32839;21061;;8973258;35739;22348;;349713;30626;18019;;
576373;36189;22765;;227251;18273;8295;;569180;36396;22813;;163570;16045;4971;;576473;36855;23172;;213164;15427;7520;;578868;36675;22920;;4208942;20436;12899;;587855;36450;23011;;206702;13976;8402;;565893;35730;22397;;2360006;28768;11750;;586342;35973;22499;;160514;12427;6895;;594828;36549;22870;;260082;25426;12819;;573778;35694;22395;;231479;19836;10864;;8462981;33975;21231;;344023;39029;16666;;
620347;35973;22517;;313785;30821;14839;;576093;36909;23110;;155165;17087;5048;;3207643;36909;23150;;257648;19730;13415;;2083040;32418;20157;;229896;18712;9914;;574930;36837;23169;;242911;15086;10922;;558660;36117;22612;;2333175;22300;11802;;571695;36486;22804;;324615;30678;12019;;601751;36972;23124;;303837;33281;14898;;587264;36675;22904;;236158;24529;9947;;583056;36747;22956;;299148;26650;14876;;
556555;35397;22014;;206742;22081;7776;;583236;37557;23482;;230798;23524;8628;;575942;37062;23248;;190402;13459;8466;;580711;37152;23330;;201733;23166;5487;;585861;37413;23443;;4319142;30807;16630;;606019;37395;23432;;300299;23507;16608;;2620750;37971;23899;;162959;18305;5219;;582865;35811;22477;;219927;17699;10397;;621348;37485;23487;;168950;18503;5390;;583797;36333;22720;;262758;25352;11271;;
632179;37899;23825;;215189;16821;11355;;594497;37836;23640;;194819;15534;6821;;612752;37656;23542;;194930;18727;6626;;4225144;37656;23626;;312563;19116;14590;;538401;34209;21418;;321870;27759;14975;;6342569;37593;23615;;406211;35216;22302;;604016;37593;23596;;262578;20533;13915;;613444;38079;23832;;167668;15790;5506;;599958;37836;23777;;206572;20607;7022;;5564343;37530;23468;;289830;25400;14746;;
618604;38547;24166;;256016;23028;11319;;625737;38871;24292;;310559;23984;16045;;589969;37764;23464;;4428168;33091;24161;;604556;38475;23984;;252418;23820;8635;;6519865;38142;23895;;270042;24588;12235;;616670;38475;24112;;215198;22399;7244;;610778;38232;23945;;255785;20832;11402;;587284;36837;23010;;177406;16972;5850;;6144944;37818;23600;;219486;16905;8010;;619465;38718;24285;;264171;22960;8961;;
626449;39015;24458;;274571;17900;12333;;2630118;38934;24370;;274431;26466;12250;;649752;39366;24628;;162067;13619;6316;;605709;38619;24101;;136169;16381;3828;;628963;38925;24389;;199539;21365;7525;;9536475;38412;24014;;210108;15771;11436;;639793;39492;24700;;288477;30823;12376;;625637;38340;23926;;210559;16458;8681;;613924;38988;24413;;204839;15941;9619;;4602429;38484;24043;;334896;36814;17377;;
659391;39591;24823;;120589;10850;4509;;3008866;39843;24936;;248171;24152;11419;;625467;40095;25062;;354493;30438;16478;;626839;39564;24754;;237961;19735;9995;;631468;39915;24963;;210409;21020;9100;;4492511;38961;24380;;179410;15388;6576;;668888;40095;25102;;311311;32391;14145;;635405;39456;24783;;308566;29282;14233;;623382;39330;24693;;261235;23540;11288;;648230;40356;25279;;365463;31421;20405;;
689828;40194;25233;;312342;26714;16585;;643491;40581;25340;;193096;15446;7849;;639873;39654;24941;;200801;18873;7141;;646045;40419;25301;;237290;22576;10247;;632239;39771;24805;;268319;17575;7252;;639723;40320;25265;;222602;21259;7904;;6818872;40203;25251;;263660;27259;11611;;2295674;40509;25404;;216650;18482;7457;;654281;39213;24562;;312903;24759;16474;;4129672;40347;25259;;244182;19098;13766;;
656525;41139;25760;;367848;33953;19771;;634533;40941;25532;;305490;27045;14376;;575111;37206;23167;;193066;14605;9000;;4647424;40833;25499;;163911;16317;6345;;641567;40761;25610;;398506;37712;19373;;689207;40770;25593;;295952;32660;15005;;4402990;40536;25379;;245033;21580;10065;;647648;40734;25516;;276625;27467;11552;;650564;40959;25642;;333522;29777;18325;;617871;38565;24126;;341998;30502;17777;;
672115;41256;25844;;412753;47722;19257;;662357;41274;25811;;332821;29357;17699;;698705;41868;26230;;253140;21344;10028;;668087;41418;25973;;254301;23408;11384;;709435;41355;25850;;306542;27601;13835;;631107;40167;25011;;248942;30777;9111;;713233;41238;25760;;226309;18862;8593;;660983;41058;25692;;284068;25747;12680;;628192;40797;25469;;257268;23147;11346;;623322;39447;24542;;3674519;27343;12409;;
702823;41823;26226;;285020;22495;14250;;652909;42111;26270;;321610;27790;14983;;643491;41076;25585;;7138118;18378;6254;;662256;41310;25763;;263971;25452;13109;;3033894;42237;26486;;254483;24665;10306;;664109;42669;26771;;2502385;30716;12832;;707912;42201;26422;;290821;29736;11824;;2843823;42120;26463;;281504;18783;9467;;645705;41400;25914;;2464334;17873;10200;;684238;42111;26273;;293356;33439;13415;;
680621;43344;27066;;2350958;21882;13478;;709005;41904;26076;;305760;24159;19863;;6920826;42210;26441;;233734;20407;7228;;2584641;43083;26941;;437951;33190;22139;;679299;42804;26793;;326399;25887;17036;;2627903;42516;26587;;283448;21995;14232;;655443;42417;26365;;4276820;21009;12167;;692203;42759;26774;;252869;19640;11947;;670892;42480;26583;;347819;45970;15764;;703835;43128;27005;;249171;24496;12824;;
704346;43389;27110;;258139;21992;10327;;688836;43596;27223;;3129866;27495;13231;;681723;43425;27096;;384579;25362;16393;;691161;43668;27327;;296422;25862;17005;;643651;41337;25693;;181946;17734;6220;;691381;43191;26933;;364912;35345;17372;;686361;43137;27114;;320448;33228;14012;;689357;43119;26979;;356426;32642;17542;;685730;42804;26641;;323123;25779;17066;;9369079;43128;26840;;379520;43430;17197;;
720596;44316;27749;;160484;12441;7084;;2255398;43857;27374;;305399;23728;15289;;704657;43911;27289;;168179;12810;6984;;3006632;44145;27681;;199227;13848;7228;;688646;43641;27247;;5979912;31894;6341;;708083;43812;27388;;421049;44838;22007;;3750112;44109;27603;;266124;20865;11286;;728432;43632;27309;;243562;18352;12290;;691061;43911;27425;;215348;19579;7879;;697924;43884;27388;;308165;32639;13904;;
700819;43695;27247;;284169;23805;11692;;703264;44226;27664;;291172;26176;12058;;3792563;43857;27401;;404837;29702;20608;;745904;44352;27660;;215639;24456;8049;;3111802;43992;27471;;183748;17770;5905;;670431;43128;27065;;284039;22900;9484;;699987;44712;27915;;315148;25487;15278;;692353;44433;27747;;287105;26475;11141;;723121;44379;27793;;319215;28028;16643;;11031722;44496;27894;;416760;33999;23621;;
2276838;45396;28366;;336448;33244;15602;;751996;45414;28427;;2814828;34093;16938;;717050;44757;27868;;322602;30275;13704;;705378;43794;27297;;362237;39270;16335;;741316;45018;28283;;239734;23246;8363;;710498;45270;28180;;223043;17755;8598;;702502;45090;28130;;295371;38589;9395;;6637007;44847;28053;;274129;21125;14335;;698996;42768;26698;;376564;34192;19700;;707733;44685;27893;;330567;29516;14196;;
765212;45774;28663;;216060;16318;9766;;3014937;44802;27928;;266335;20693;7924;;726849;45909;28770;;275463;23264;11134;;712501;45315;28242;;307854;27328;14662;;726408;45774;28681;;246878;18589;9937;;705678;45621;28437;;4215615;20075;7978;;712541;45315;28317;;345335;27663;16891;;709255;45567;28485;;299057;26038;14581;;728943;45603;28459;;10684403;20904;7798;;729153;44640;27839;;214547;27768;6404;;
718853;45549;28333;;375883;30157;19916;;730776;46206;28930;;553870;58122;31126;;717260;45783;28595;;9602071;28472;14570;;743900;46116;28769;;426689;31255;22889;;2443214;44037;27381;;254852;23635;8880;;737158;46224;28922;;325477;33899;12830;;720547;45099;28162;;315428;41676;9233;;4760859;45585;28400;;3335346;33889;12470;;735665;46134;28799;;286894;26497;11203;;719023;44892;27962;;269120;31145;8531;;
713574;46035;28734;;274290;26724;10078;;3746986;46809;29135;;361937;33702;16568;;762626;47223;29576;;334925;30483;18578;;746886;47196;29441;;8010511;34308;10770;;754341;46242;28830;;365323;28503;20180;;739683;46179;28786;;314807;24697;19530;;730525;46404;28996;;236188;17450;9685;;746586;46647;29173;;4383894;33811;21642;;746425;46674;29132;;322531;33547;14419;;706339;45801;28513;;283688;26854;10501;;
803664;47475;29654;;196753;21375;6074;;742598;47205;29546;;213866;17240;7539;;2791264;48015;30007;;2051381;37472;19626;;735646;46566;29129;;373559;34141;17216;;772385;47637;29822;;268208;20886;13100;;758929;47970;30008;;389148;33043;20224;;723812;46836;29225;;379730;32424;17578;;11917110;47664;29629;;301972;20140;12237;;754921;47259;29503;;205440;15277;10600;;753058;47619;29751;;267747;23236;10724;;
771714;47457;29635;;320388;29324;13999;;7437505;47871;29907;;256938;20584;11373;;766153;47493;29645;;230697;17071;8530;;725385;45549;28377;;190030;18290;6599;;749792;47934;29900;;333152;31572;14431;;741787;47997;29995;;6956884;21666;8994;;755022;48051;30074;;274661;23785;8577;;955441;47511;29653;;358039;29758;18939;;753348;48096;30159;;298867;30664;15149;;768968;48402;30215;;447118;43475;23347;;
756876;47844;29819;;457007;40014;25315;;779749;48402;30186;;379980;29393;19941;;8681294;47961;29960;;449422;51565;21329;;762887;47727;29746;;334595;25403;18658;;780400;48906;30613;;362487;36593;16476;;4748986;47196;29454;;283678;33776;9355;;766624;48339;30176;;344744;30462;15122;;766003;46881;29242;;309817;30906;13687;;12780247;47844;29884;;230938;21793;9946;;745213;47979;29863;;220949;18778;8059;;
723001;43362;26948;;244943;20753;10367;;726858;47322;29516;;2370817;29299;16131;;792984;48951;30649;;430436;35514;23629;;766153;48735;30487;;316551;31873;11235;;4710674;47961;29898;;252158;20702;9671;;777795;48897;30577;;291002;27990;10705;;746255;48519;30256;;354321;28053;17542;;9311229;49410;30872;;338883;31001;12437;;781071;48762;30496;;488826;39179;29816;;761775;48474;30266;;4437115;42431;22307;;
802061;49401;30906;;306151;24657;13314;;705438;44685;27794;;177938;14903;5752;;4715373;48726;30387;;228364;17741;12178;;832589;49716;31053;;298306;31750;12330;;768488;49230;30593;;202163;18914;7654;;4920212;48762;30448;;249643;25382;8756;;716128;43038;26686;;279820;29158;9860;;776342;49707;30999;;396092;36790;20866;;782875;48699;30341;;374891;30345;22816;;11030479;49788;31079;;528973;48541;30431;;
794677;50220;31381;;246558;19159;11463;;800738;50121;31272;;382595;29943;21459;;773858;50310;31274;;4410835;45080;23719;;791521;49671;30922;;315969;29176;12316;;772715;49752;30982;;435145;40260;20712;;8692175;50058;31311;;464151;38326;25843;;839422;49995;31211;;309156;32680;11987;;800148;50058;31258;;221309;17269;8710;;4754607;48924;30367;;272236;23067;9759;;771533;49734;31064;;379449;41703;18435;;
809174;50301;31410;;313234;28625;11859;;808333;51012;31886;;425216;33553;23969;;8489340;50706;31564;;378598;35394;15508;;787844;49788;31103;;394818;33927;21607;;797312;50751;31681;;409176;36434;19942;;5699669;50787;31723;;355304;34920;16638;;823141;51192;31974;;210570;30406;5644;;826197;50139;31292;;462637;36889;22400;;3252709;50625;31625;;328312;32703;10178;;6724823;49824;31151;;321790;28525;13394;;
767987;47007;29441;;455113;46057;19711;;734784;46764;29011;;167678;15295;6077;;800398;51183;31925;;302033;23992;19296;;824924;51498;32026;;5380464;40136;21637;;842027;51057;31767;;421940;42313;20965;;765101;49041;30509;;236698;23119;6813;;4777110;50130;31105;;239494;21419;8217;;833881;51489;32157;;225909;16964;11000;;814564;50868;31685;;266305;21838;11913;;812601;51183;32033;;372556;33056;17997;;
832198;50598;31553;;245074;19479;10544;;799366;49608;30744;;273799;21284;14552;;866252;52488;32786;;235016;22026;11078;;821999;51498;32064;;3198517;23673;14009;;857587;51282;32006;;364261;37788;15290;;826147;51750;32330;;403115;32662;19462;;838660;52074;32517;;437510;42362;20959;;4797899;51732;32310;;296863;23068;11388;;800608;51903;32397;;456616;51389;21868;;814765;51984;32254;;223303;17128;12060;;
835965;52218;32431;;310609;28517;13060;;2867127;52596;32762;;311982;23567;12406;;795399;49887;31038;;311431;29448;12687;;809716;48987;30447;;431228;36232;23957;;855383;52344;32593;;499036;46334;27686;;819585;51570;32021;;299468;28676;11290;;4823087;52758;33079;;359502;30213;17702;;830025;52659;32901;;418694;30808;21975;;748660;46881;29103;;463499;50766;21796;;6407392;52695;32878;;432169;44040;20746;;
911148;53397;33242;;340436;31977;13493;;848920;52668;32749;;363149;30744;15334;;824804;52047;32415;;361936;37733;13767;;836908;52425;32587;;198707;24015;5987;;886993;53613;33498;;411471;39075;18935;;3351666;53244;33247;;340455;34988;14923;;849371;52767;32835;;352148;35903;13668;;837138;53028;33139;;279700;24127;10466;;9115407;52290;32560;;526709;42040;34627;;827729;52992;33095;;209597;17166;7172;;
859711;53514;33409;;410599;32452;23528;;853629;54054;33678;;326920;32325;11149;;4823368;53910;33652;;473658;47540;24431;;3953507;53001;32987;;474029;40286;30958;;822239;52920;32990;;425887;41816;17950;;880580;53793;33529;;309517;25145;13789;;821498;52731;32898;;7220775;30620;14950;;839432;53289;33179;;300620;24764;13438;;839953;53379;33270;;294118;20515;11981;;3981720;53253;33262;;319015;26235;12806;;
875020;54225;33875;;253771;20202;10467;;867786;54297;33942;;391993;32750;17788;;3967685;53442;33261;;500509;43474;28106;;851856;53991;33613;;322291;28553;13868;;2969803;53451;33396;;440104;40915;21285;;7870317;54207;33810;;311802;27137;11309;;831617;53388;33179;;545945;42857;29806;;4060121;54333;33984;;409356;35441;14846;;851555;54126;33748;;390420;41451;16112;;872514;53703;33421;;214587;25886;6307;;
877494;54513;34028;;319265;23912;14489;;836146;54558;33982;;283307;19823;9536;;4832054;54792;34038;;325898;30271;12851;;855362;54018;33549;;388757;32813;17136;;870480;55035;34250;;417311;36718;24320;;5023427;55008;34329;;297734;22985;13682;;858678;54261;33749;;349493;30013;14358;;4840991;54774;34101;;198276;15695;9395;;838390;52596;32795;;258470;28560;8755;;857366;54702;34146;;320187;27712;15902;;
882013;54540;33983;;369020;31124;16756;;870080;55530;34753;;332981;25495;15949;;879178;55224;34422;;455274;37534;23712;;883415;54684;34074;;344043;28292;15300;;857196;55071;34273;;305650;29705;10659;;864841;54612;34023;;534634;44481;30785;;872375;54792;34006;;4283514;31177;13237;;881281;55818;34717;;265323;19793;11104;;873998;55296;34547;;303766;27752;12506;;4825001;55125;34249;;345295;26727;15682;;
921408;55998;34881;;412752;33596;21384;;911398;56205;35193;;384990;33570;17811;;903734;56106;35035;;397113;44482;17861;;4876618;55683;34745;;521899;44494;27769;;876653;55197;34300;;289720;26579;11849;;4849156;55845;34773;;278719;24119;11451;;893143;56007;34933;;296743;26773;10612;;893885;56529;35280;;210148;16753;8257;;2784351;50931;31650;;292896;25446;11864;;875501;55548;34655;;562166;44144;32712;;
922479;56493;35194;;339754;28213;15433;;908002;56610;35353;;309617;24103;13511;;894898;56214;34970;;294899;27198;11297;;4834770;55017;34067;;652658;65534;34769;;913672;56088;34974;;502433;42168;28938;;4856851;56961;35555;;500179;51742;22599;;868938;56394;35096;;316049;31555;11240;;890439;56052;34866;;4316526;28354;13772;;896721;56565;35176;;411841;47543;16301;;917250;56799;35290;;254532;17395;11113;;
