100;;441;322;14628;;206;127;3467;;396;267;8987;;489;207;5531;;396;270;8466;;348;131;3987;;387;266;8677;;228;105;3256;;432;284;8717;;309;175;4368;;459;316;10270;;313;231;4829;;396;283;8646;;257;178;3867;;405;270;8226;;410;290;5541;;450;318;9859;;245;170;3436;;405;269;7905;;271;205;4459;;
200;;900;623;18124;;471;351;6823;;954;648;18716;;395;211;5670;;936;611;17994;;545;188;6342;;972;664;18845;;741;371;8737;;891;583;15900;;446;182;5540;;909;607;16761;;385;173;5420;;945;622;17303;;601;189;5851;;882;589;16019;;480;242;6532;;936;626;16692;;599;207;6592;;972;645;17693;;871;362;9478;;
300;;1476;982;38093;;874;597;12744;;1377;888;24276;;1077;542;12925;;1476;992;26621;;1206;751;14608;;1440;949;25318;;904;634;12363;;1431;958;25769;;785;241;7354;;1503;997;26610;;951;468;10891;;1422;933;24857;;958;596;11842;;1251;815;21060;;597;330;8737;;1314;867;22763;;883;478;11342;;1440;982;26530;;581;330;8476;;
400;;2088;1385;37100;;1344;885;17794;;2025;1322;34265;;1132;884;14638;;1899;1246;33454;;1091;449;12563;;1890;1231;31550;;1581;933;18946;;1899;1263;33774;;1080;591;14067;;1998;1323;35026;;916;394;11051;;1998;1332;35447;;985;450;12454;;2034;1345;42280;;1304;372;14016;;1953;1243;38312;;1187;554;14137;;2025;1337;40587;;1197;556;14798;;
500;;2475;1609;48763;;1232;273;10209;;2547;1661;49774;;1102;557;17974;;1305;826;27923;;1372;585;15259;;2583;1723;50415;;1157;611;14918;;2286;1479;43522;;842;358;10099;;2484;1610;47099;;2423;1169;24266;;2457;1602;54213;;921;407;14066;;2538;1629;43322;;1674;1013;20289;;2259;1429;36670;;1575;815;18966;;2538;1645;42791;;1546;1088;20820;;
600;;2745;1790;48351;;2049;1196;23675;;2970;1895;80643;;1670;1026;22332;;2997;1956;51408;;1981;676;19246;;2817;1801;46368;;2090;791;21872;;3006;1948;51327;;1170;394;12394;;2988;1951;51047;;1792;471;16611;;3060;1997;56938;;1909;1089;22383;;2916;1868;48492;;3143;1272;29906;;2763;1753;46038;;2175;841;19697;;3042;1966;51147;;1021;650;13997;;
700;;3033;1940;50405;;1667;721;21010;;3582;2345;61908;;2398;1076;26410;;3546;2328;59823;;3121;2399;39836;;3267;2116;55356;;1942;1189;25008;;3672;2401;71737;;1605;536;17093;;3546;2323;61396;;3376;1763;36049;;3501;2238;58852;;2504;1223;27672;;3609;2327;60615;;2112;1138;26540;;3447;2230;60855;;1326;708;19097;;3186;2034;53712;;2308;1339;28314;;
800;;4041;2620;68620;;1591;766;20068;;3888;2454;62809;;1761;1047;24236;;4041;2614;66877;;2273;593;19807;;4122;2660;68891;;2484;1526;32672;;4140;2648;75252;;1900;880;21992;;4275;2788;73961;;2073;1119;28104;;3951;2555;66446;;3108;1926;37251;;3708;2353;67629;;1484;884;20810;;4203;2717;70544;;1602;925;22192;;4068;2591;66537;;3488;1960;39274;;
900;;4680;2980;77527;;2410;1186;27271;;4698;3033;78770;;3130;1256;30138;;4707;3029;80192;;2225;1183;36139;;4770;3035;89861;;1895;800;23124;;4698;3029;77146;;2043;1094;24757;;4500;2889;75203;;2118;1031;26500;;2421;1525;39765;;2548;1946;40717;;4734;3043;77578;;1886;1089;26010;;4572;2949;75603;;3878;2416;46118;;4662;2965;77036;;2291;1185;26971;;
1000;;5256;3371;121260;;3330;1444;37030;;5049;3207;83709;;2021;1107;27802;;5202;3321;85382;;2297;941;28133;;5121;3257;84039;;2385;1090;30577;;4959;3123;104779;;3511;1937;50866;;5211;3347;108216;;1690;993;27372;;5094;3238;106182;;1868;1178;30227;;5049;3213;96573;;4204;2248;45436;;5256;3306;85633;;2796;1607;35206;;5328;3464;93307;;2282;1089;29536;;
1100;;5031;3167;82748;;3576;2124;44585;;5589;3574;91964;;3399;1664;41319;;5607;3507;90172;;3968;2314;45837;;5868;3811;125419;;3137;1241;35397;;5436;3449;88528;;3217;1560;36759;;5787;3680;94780;;2916;1317;35968;;5616;3615;100050;;2116;782;24096;;5724;3669;94710;;3944;1820;39875;;5607;3566;90893;;4825;2452;50576;;5508;3467;92155;;2566;1138;32070;;
1200;;6354;4098;107034;;2675;911;28724;;6237;3994;102695;;5059;3025;56838;;6291;4024;102935;;6427;3929;70414;;6255;3990;100551;;4161;1934;464282;;6417;4102;104438;;4270;2291;50175;;6345;4049;102054;;2716;1501;35607;;6363;4082;106402;;2608;1113;30608;;6192;3904;99800;;3175;1676;41539;;6426;4116;132481;;4544;1629;43072;;6336;4052;104068;;3256;1539;38874;;
1300;;6939;4485;119477;;5112;2778;58421;;6840;4389;114117;;2551;911;27993;;6831;4401;112614;;3018;1392;39274;;6561;4174;108155;;6117;4039;2787242;;6642;4245;111973;;2816;1049;30798;;6813;4363;112404;;6696;3367;67969;;6525;4137;108296;;4553;2464;53782;;6975;4489;114848;;2979;1418;33905;;6975;4438;115379;;5486;2128;49965;;6768;4332;114007;;2800;1342;36319;;
1400;;7119;4550;118295;;2906;1518;36308;;7218;4584;119076;;5879;3536;68129;;6966;4417;154063;;3580;1393;41558;;7299;4670;118645;;5384;2038;51598;;7533;4850;130617;;3389;1468;39184;;7209;4601;118906;;3202;2140;41178;;6741;4285;110199;;6151;2115;55105;;7299;4702;120369;;2731;1651;37691;;7344;4676;118996;;2777;1657;36309;;7488;4816;126069;;2826;1156;34916;;
1500;;7911;5101;129815;;6001;3308;64773;;7821;5001;127040;;4458;2903;56357;;7767;4992;145726;;5083;2745;58962;;6939;4375;109568;;3909;1169;37011;;8172;5278;148512;;4611;2514;49424;;8055;5188;131650;;7114;4255;78319;;7956;5094;199959;;3961;1861;49294;;7929;5088;130667;;7541;3315;72768;;8127;5212;132091;;5035;1451;44244;;7830;5036;131289;;6512;4166;76024;;
1600;;8397;5283;157789;;5856;2612;63341;;8352;5289;134676;;4893;2062;55816;;8352;5313;135267;;6475;3522;68871;;8550;5455;176826;;4138;1448;44144;;8388;5358;138784;;3955;1908;72287;;8469;5392;138533;;5627;2899;63139;;8631;5480;147671;;5596;1996;57039;;8316;5306;138804;;5862;2945;66777;;8469;5385;138713;;5337;2228;58120;;8379;5387;138303;;3899;2393;53351;;
1700;;8865;5672;147651;;7421;3030;70103;;8388;5287;163150;;5020;1643;64201;;7884;4917;136589;;8979;4568;98877;;8784;5542;160725;;7598;4546;91494;;9099;5787;148372;;3819;1651;47921;;8964;5632;141138;;8197;4329;86164;;8883;5652;145226;;4251;2506;54403;;8910;5657;163160;;4601;1777;50697;;9009;5734;145927;;11742;5715;5249678;;8667;5497;143893;;5376;2111;51267;;
1800;;9612;6065;156247;;3487;1955;46829;;9756;6189;176124;;4186;1357;42671;;9648;6131;158682;;4606;1898;52380;;9585;6089;3796820;;5246;2493;58181;;9666;6135;158891;;8185;5058;94369;;9684;6159;172007;;11076;5903;110359;;9441;5992;151498;;4281;2183;71947;;9567;6091;154243;;6415;3108;67528;;9693;6129;160424;;6524;3158;69682;;9486;6024;154133;;4354;2162;72708;;
1900;;10170;6433;165765;;5425;2024;55636;;8919;5592;142541;;5440;2347;59763;;10179;6510;202424;;6319;3327;75574;;9486;6021;153412;;6728;5020;88087;;10098;6422;164142;;5110;3174;60515;;10377;6610;5237003;;6278;3449;75793;;10116;6346;210489;;7233;3689;79922;;10206;6448;175002;;7591;3708;81986;;10206;6483;187396;;6130;1755;57529;;10071;6389;168470;;6377;4291;83008;;
2000;;10557;6650;197355;;4229;2737;94810;;10674;6746;172838;;4297;2233;56046;;10305;6537;163861;;4695;2259;61326;;10584;6720;171055;;6760;2913;74100;;9612;6033;148793;;10306;3866;88758;;10467;6565;3355000;;5988;4280;77026;;10944;6885;178118;;5358;2718;66476;;10710;6827;172768;;4234;2700;55224;;10539;6693;175252;;10307;5195;104758;;9657;6079;152500;;4763;2006;57048;;
2100;;11241;7137;181935;;6028;3177;75653;;11178;7075;179601;;5830;2594;60375;;11016;6977;174862;;6498;3197;69813;;11277;7168;190502;;6005;2698;69212;;10935;6925;171235;;5879;1423;48662;;11079;6976;174983;;9818;3691;88888;;10287;6492;176826;;12592;6709;123965;;10827;6821;176926;;5033;2763;67278;;11313;7198;192746;;5374;2372;65595;;11241;7074;179861;;5628;2669;77948;;
2200;;11907;7520;195892;;9347;4940;96914;;11970;7528;190232;;4457;1937;54133;;11790;7482;193829;;9044;5028;99579;;11340;7156;200731;;7333;3230;81364;;11826;7503;188368;;6035;2733;72077;;11061;6993;172778;;12109;7393;130067;;11736;7416;191664;;8229;5798;101592;;11691;7397;194991;;6786;1604;52921;;11826;7481;191293;;6674;3966;81094;;12114;7716;201633;;5647;2493;64583;;
2300;;12222;7767;222492;;10152;4773;103997;;12636;8043;225619;;5710;2538;68450;;12420;7844;198848;;5228;2787;64622;;12465;7869;204639;;10890;5139;109819;;12114;7622;207544;;11363;5159;111070;;11601;7288;4190786;;3576;2259;49975;;11475;7198;208386;;7394;3735;83188;;12402;7872;200460;;10157;4848;103036;;12411;7859;203707;;12439;6267;123945;;12555;7959;201984;;6823;4060;2127219;;
2400;;12960;8232;218355;;9966;5344;102264;;13419;8497;298607;;8845;3821;93788;;12366;7793;194950;;12374;4235;129656;;12897;8105;208216;;7533;3508;82738;;13077;8310;211823;;7535;3574;87947;;12933;8201;207885;;11039;7634;131940;;12987;8193;210490;;7825;5816;94149;;12762;8118;216000;;6494;3001;77577;;13167;8399;213145;;10297;6087;7073220;;12870;8123;210880;;6087;2535;67488;;
2500;;13608;8648;276776;;10074;5277;112644;;13428;8495;219246;;7613;2496;77898;;13437;8537;215629;;7540;2955;79180;;13149;8306;210169;;7662;2077;68009;;13653;8672;3529081;;10659;6504;123444;;13158;8294;209488;;4866;2111;58321;;13509;8544;214998;;12753;7602;135437;;13617;8646;219777;;7166;3036;73630;;13194;8289;228173;;7607;5787;99439;;13401;8426;212153;;8416;2452;74081;;
2600;;13815;8779;221681;;10175;6149;119317;;13248;8356;229295;;9901;3704;95161;;13950;8819;224186;;6574;2409;71976;;13896;8802;221952;;3988;2330;50816;;14067;8866;272358;;10108;6439;118344;;14211;9032;227743;;5721;3388;75153;;13626;8582;215379;;11018;4803;111020;;13437;8451;212333;;11705;5109;114989;;14094;8899;4213149;;12172;6192;117754;;12762;8081;202945;;5709;4101;76165;;
2700;;14544;9211;241288;;9632;5642;111251;;14463;9137;251467;;17799;9891;178479;;14355;9043;230989;;8581;4395;103818;;14895;9427;242500;;22363;12887;225498;;14634;9346;237020;;9183;4332;95572;;14769;9342;245596;;6820;5022;89109;;14391;9071;228294;;15031;7244;144163;;14706;9315;232853;;7342;4597;97175;;14688;9277;251197;;10890;6378;127071;;14895;9428;237762;;7323;2946;72718;;
2800;;14760;9263;251428;;9768;3774;101342;;15336;9712;263480;;5569;3181;98597;;15363;9678;259843;;9706;3422;88478;;7875;4934;182697;;17122;8097;161035;;14049;8912;6958392;;12403;5930;161557;;15435;9757;284310;;7138;4890;89991;;15147;9614;257018;;5963;2792;73279;;15300;9722;259603;;12668;6868;134616;;13797;8662;4232295;;12079;7890;141709;;15183;9568;252680;;6231;3300;77578;;
2900;;15624;9938;258791;;4688;1936;55185;;15957;10192;268349;;13673;6214;131690;;15408;9642;241278;;9307;2881;94088;;16209;10263;260214;;11330;4212;127021;;15336;9617;278579;;8276;3459;4098913;;15120;9481;261667;;7522;4075;89430;;15732;9944;284250;;7889;4908;103697;;15417;9703;248382;;11008;5485;107585;;15822;9965;7347942;;9140;6204;113676;;15426;9702;243793;;8042;6158;125067;;
3000;;16380;10399;267668;;11846;6775;157188;;15345;9605;248751;;11765;2504;89299;;16389;10350;267367;;8308;4093;102575;;16533;10447;263240;;9612;4121;105991;;16317;10304;303166;;10579;5854;122593;;16263;10287;265885;;12046;8722;142200;;16443;10389;264271;;10180;6399;126389;;16434;10422;267067;;9396;6005;117654;;16461;10408;263620;;10181;4188;109047;;16389;10336;279521;;5529;2869;66246;;
3100;;16722;10554;294800;;15927;10717;184491;;15498;9776;1644262;;7571;2760;77698;;17100;10840;296523;;11921;7599;138553;;16317;10282;275893;;11564;4328;111682;;16155;10121;275413;;10451;6438;157770;;16956;10717;317212;;14782;7309;142340;;16488;10321;288859;;17317;11055;185923;;16452;10338;279791;;6218;2023;63260;;16785;10584;265564;;9065;3934;91294;;16569;10420;410068;;8150;3810;146608;;
3200;;17694;11172;284510;;5642;2031;62328;;17190;10820;325598;;9308;3780;130478;;17244;10871;2524453;;9990;6795;131089;;16506;10343;284020;;10446;4004;124506;;17514;11005;285112;;13144;3325;107534;;17262;10867;321711;;20654;6319;159703;;17514;11028;276214;;9035;5459;103387;;17442;11020;276906;;6977;4263;105651;;17433;11053;287937;;12268;6851;142601;;17379;10961;276586;;8109;5574;107003;;
3300;;18198;11510;333975;;7912;4295;102044;;18027;11303;289941;;5414;3540;72577;;18234;11539;345165;;16362;8429;169102;;16344;10220;277337;;10380;5947;119978;;17811;11297;293718;;11068;6063;128894;;18378;11554;287336;;13674;4158;121461;;17847;11195;300580;;12134;8231;143793;;17820;11276;283949;;12029;8118;149153;;18144;11425;3833308;;7421;4162;98367;;17829;11272;284180;;6612;4360;88879;;
3400;;17946;11150;292516;;12295;6631;129727;;16911;10585;262589;;13611;8004;149734;;18117;11443;292235;;9708;2919;91203;;18549;11710;298767;;13288;5834;137421;;18729;11834;306993;;10513;5890;121341;;18594;11681;312503;;9362;6089;122552;;18342;11607;293347;;10404;3924;110149;;17757;11178;309307;;9482;5010;120288;;18252;11499;293918;;6597;4651;101312;;18207;11456;344534;;7427;3991;94850;;
3500;;19323;12162;318304;;18646;12693;198657;;18873;11796;315289;;6698;2093;65624;;18765;11822;310359;;11806;4535;115800;;19314;12234;328995;;17009;9623;176645;;19098;11962;307513;;6894;3942;138644;;19431;12300;327822;;14107;6903;146418;;19152;12057;308997;;12740;6229;159173;;19080;12056;301542;;11861;6728;137441;;18693;11747;301332;;9495;5380;123996;;18810;11870;315629;;6282;3556;82547;;
3600;;19872;12590;351798;;17385;9990;184099;;19674;12349;314467;;12364;7871;2676783;;19665;12363;313635;;15031;2883;106833;;19809;12537;320238;;11930;4429;125919;;19260;12133;313215;;7874;3892;101593;;19773;12475;324846;;8169;3402;101532;;19638;12338;311090;;8171;4528;102394;;19422;12227;5379845;;6993;3690;93889;;19620;12320;362298;;10683;4681;114388;;19683;12411;308586;;12401;6625;141078;;
3700;;20232;12827;329867;;17264;8063;173209;;20376;12826;322292;;19134;10201;198176;;19953;12599;316461;;12276;6880;135758;;20187;12644;316531;;10493;5452;116511;;18963;11853;301322;;11597;8296;151197;;20250;12731;2323832;;10169;5593;126210;;20142;12722;321590;;11959;7309;141659;;20178;12625;318705;;8868;5680;114538;;20304;12754;329666;;15014;6719;153721;;20538;12878;330688;;12658;7734;864271;;
3800;;20781;13129;351849;;11497;7329;142511;;20799;13074;340947;;12316;5322;136409;;21087;13172;345887;;14256;7968;156727;;21006;13262;361366;;17960;6373;161006;;21240;13378;371826;;10302;4973;124356;;20772;13029;384290;;13796;5272;137211;;20484;12868;545536;;16626;9948;285903;;20988;13219;354132;;7330;4478;98838;;20619;12992;364122;;9734;4443;116401;;20520;12882;337641;;11305;3725;106843;;
3900;;21177;13318;344244;;7440;2835;82938;;21420;13430;369772;;16416;8474;174481;;21114;13229;330327;;14942;11567;188368;;21582;13601;346377;;16836;7761;165744;;21528;13564;4117428;;10675;8440;172638;;21627;13549;344975;;14376;4558;131520;;21465;13461;373339;;8368;3153;90712;;20817;13043;355765;;11375;6174;141047;;21618;13640;3977302;;8431;4315;115209;;21546;13514;344103;;13588;8285;2175311;;
4000;;22005;13855;355695;;16951;11848;223564;;22023;13816;346528;;10182;7317;142761;;21861;13747;368038;;13560;8073;164142;;22140;13870;5306535;;10505;7022;135768;;21591;13498;343683;;13265;7721;159523;;20268;12763;320418;;13562;8769;166797;;22347;13977;364682;;10962;5225;123986;;22005;13864;347710;;8493;5239;129646;;21303;13292;341749;;12008;7077;153040;;22185;13844;363090;;8967;3978;114788;;
4100;;22608;14220;368610;;15863;8566;170955;;22788;14264;362819;;7693;3648;99619;;22545;14139;384790;;9509;3776;106732;;22311;13931;347981;;14885;2830;107464;;22680;14260;3659870;;20042;6073;161887;;21420;13324;345196;;12040;5564;120950;;22914;14281;363280;;16222;8975;175002;;22779;14208;367809;;26006;15843;487606;;22572;14223;4214692;;9638;4086;109117;;22770;14365;368590;;10768;6292;151318;;
4200;;21258;13327;329706;;11578;3275;106463;;23058;14457;360154;;14196;4747;141228;;21879;13690;376535;;9369;4090;109628;;23274;14583;8311130;;9430;2699;87847;;23256;14564;365364;;13411;4396;123775;;23382;14631;379500;;14043;6365;144825;;22986;14423;374121;;17852;5526;157719;;23220;14531;361506;;16776;5393;150155;;22797;14268;365364;;8020;4094;102725;;23373;14758;371806;;16728;7745;175133;;
4300;;23967;15045;395351;;8343;5426;111813;;23841;14991;398647;;10447;4109;117022;;23967;14991;6407866;;9814;4856;125007;;23022;14425;364572;;8571;3653;101403;;23553;14812;377627;;7681;2965;89350;;23958;15084;383528;;15922;6112;158291;;23310;14545;380172;;15185;7836;175213;;23985;14985;382176;;18114;10684;221832;;23805;14904;406762;;18962;7870;182557;;23967;15072;380633;;18339;11114;210750;;
4400;;24021;15068;381915;;14395;9075;178398;;24543;15430;387916;;21276;10695;209838;;21897;13703;340677;;13328;4626;145567;;24093;15117;4349228;;9382;3829;107474;;24210;15202;388528;;13416;6799;153782;;24570;15397;389680;;16542;8755;182196;;24489;15374;432481;;17714;6525;168209;;23769;14869;406863;;24254;9504;212243;;24498;15420;394188;;9374;4474;99930;;24336;15269;3357815;;9429;3420;105641;;
4500;;24741;15464;451688;;6656;2516;71005;;24696;15437;387806;;13311;6414;196202;;25713;16124;465283;;19452;10543;217333;;24867;15648;393026;;10960;6608;149143;;24984;15672;410148;;11478;6077;146168;;23814;14831;367558;;13465;6482;161286;;24813;15456;392355;;14517;4093;134566;;23040;14375;368019;;14265;6576;166326;;24759;15553;3796568;;10419;6060;127601;;24048;15070;394730;;14385;9672;177216;;
4600;;25389;15910;430617;;12659;5172;142511;;25038;15577;1816199;;13219;7653;164733;;25191;15795;393948;;13783;8612;193537;;25623;16108;4399724;;17191;5256;150125;;25731;16189;410470;;20715;11468;224656;;25002;15677;1769750;;14137;4109;123234;;25596;16102;402965;;10425;3945;113275;;24714;15386;385161;;17649;7234;213686;;25830;16284;427262;;20968;11376;225368;;25461;15976;420198;;11508;6271;144905;;
4700;;25893;16217;409528;;11706;5909;149023;;26343;16597;419516;;16942;3960;131901;;26190;16358;415198;;17242;7787;211511;;25893;16236;4410054;;9771;3756;116391;;26001;16295;1195771;;18751;5796;205360;;25902;16316;420698;;13804;6035;153111;;25596;16155;414947;;9036;4479;3183384;;25803;16180;428514;;18271;7803;183227;;25920;16257;418795;;12861;6246;161015;;26253;16543;415870;;20970;11959;215339;;
4800;;26892;16912;442551;;13233;9465;184530;;25830;16150;428163;;17403;11491;225809;;26514;16607;428063;;20133;9518;234095;;26595;16741;437160;;15574;10436;203085;;26739;16762;440016;;16405;7527;179281;;25821;16201;417573;;15760;9152;190632;;26559;16630;477337;;18936;8808;188918;;26856;16774;438392;;22995;8334;205000;;26856;16834;503917;;15443;11032;202394;;26172;16391;427011;;26688;16006;2083596;;
4900;;26802;16821;432492;;25111;11775;277988;;26649;16742;437030;;15478;9208;180502;;27135;17005;453121;;16896;7194;177367;;24570;15293;787254;;13688;7085;162358;;27180;17009;448812;;19119;15713;263620;;27765;17453;469061;;18362;12334;230637;;27036;16897;435066;;17638;9644;213535;;27297;17167;4459828;;11832;4834;133293;;27180;17047;448321;;17294;11528;237642;;27297;17096;432882;;15127;5804;170283;;
5000;;26973;16890;839164;;21683;15711;267858;;27837;17513;438392;;15145;9354;2235435;;27261;17107;441578;;16752;11286;207173;;27504;17300;466566;;16110;6791;159152;;27792;17358;457939;;17791;7512;197114;;27576;17350;429085;;16462;6711;170614;;28026;17567;509638;;13953;8367;162830;;27891;17482;441658;;9312;3450;104579;;27801;17446;450456;;16587;6449;197404;;27990;17580;452058;;15397;6276;157409;;
5100;;28332;17743;458731;;12405;7939;180202;;28305;17753;460304;;13722;5125;142271;;28440;17859;464663;;22117;8800;212173;;27855;17401;464312;;16163;7446;183548;;28467;17883;454973;;11126;6664;167018;;27945;17477;435236;;27822;20563;346187;;27900;17447;451908;;14723;7403;179130;;28242;17753;461246;;17872;5882;167178;;28485;17860;457839;;19776;9421;226750;;28116;17680;465213;;19196;9169;204228;;
5200;;29025;18268;2470611;;15698;11833;211301;;26235;16384;412413;;21775;14913;264281;;28602;17955;495751;;12418;8141;158471;;28422;17843;444354;;19553;9342;210119;;28575;17891;492145;;19815;10070;219907;;29025;18217;493747;;14371;6360;162870;;29124;18237;452880;;18736;7441;190081;;28530;17912;464592;;25209;13607;268610;;28818;18152;463099;;10995;4584;129455;;28854;18128;447109;;14512;7223;174111;;
5300;;29493;18547;468309;;14974;8058;194880;;29448;18415;4796317;;9454;6413;129787;;29313;18322;458230;;17362;6736;5356821;;29439;18489;475613;;12374;5482;142841;;29745;18620;473859;;11480;5993;155946;;29025;18189;455645;;15179;4657;161717;;29835;18733;480442;;14239;7658;191093;;29106;18156;467508;;30708;12511;268479;;27972;17430;478489;;12650;8314;167288;;28809;18049;509798;;18576;13676;223615;;
5400;;30402;19189;491182;;12792;7853;176425;;30555;19224;505440;;13353;4452;136229;;29655;18548;468550;;37534;21147;6786446;;29232;18293;1958098;;26185;12380;260604;;30096;18888;475132;;19183;13145;242851;;30177;19039;2626797;;18209;8955;197105;;30213;18924;483237;;18734;8244;214046;;29205;18288;460063;;24411;13651;265284;;30186;18952;497245;;29287;18289;320830;;30186;18912;486163;;17289;10640;209988;;
5500;;30780;19266;492335;;16636;7105;328815;;30708;19253;500110;;31091;12306;268890;;30240;18956;488467;;13766;9172;193137;;30978;19502;491804;;14637;7419;171807;;31077;19518;3819923;;22797;10364;286835;;30636;19190;480422;;24207;7933;210088;;30411;19101;4460900;;16436;11346;220118;;30411;19087;479651;;21549;14377;256026;;30744;19255;489710;;19229;12811;238312;;30834;19322;4447214;;15573;7229;167668;;
5600;;31266;19623;510558;;13424;6311;159663;;29880;18620;2523742;;10992;6402;145767;;30888;19405;481895;;16258;11392;206112;;30933;19374;487977;;14827;10516;198567;;31284;19643;548902;;14805;7098;179992;;30960;19379;521631;;15167;10274;202405;;30483;19074;476655;;30807;12144;5233317;;30852;19288;492866;;24339;12740;249784;;31716;19928;501923;;27827;12911;270142;;30969;19416;557609;;14364;7731;180493;;
5700;;31545;19874;537290;;22358;7808;208576;;32130;20192;512142;;15049;5920;152349;;31887;20050;539634;;17974;10553;225448;;31860;19961;553641;;24194;7587;226179;;31536;19791;921330;;14445;4864;155055;;32013;20073;505900;;17062;10337;218696;;31212;19505;507003;;24261;12203;246158;;31959;20005;525688;;16442;9209;178439;;31617;19818;508346;;16400;8328;201863;;31590;19766;507322;;25078;16123;299289;;
5800;;32490;20535;593266;;22594;10168;224547;;32445;20365;533723;;11604;8228;171405;;31662;19705;3043579;;25218;15164;335176;;32022;19956;507914;;26423;7557;243202;;31968;20053;551067;;29531;14705;300331;;32499;20419;610940;;23424;15949;282566;;31995;19979;521169;;24823;12700;297325;;31869;20008;517582;;17557;5342;167488;;32220;20318;566896;;12927;8397;183509;;32103;20078;529996;;17734;7406;193096;;
5900;;32850;20735;533453;;22124;9691;224366;;33219;20808;516610;;19045;7678;201082;;32931;20537;514376;;12370;4427;127222;;33120;20765;528464;;41875;25963;425719;;32877;20630;1556635;;17562;5622;171255;;32481;20399;507093;;33848;4562;188949;;29592;18470;505700;;22807;9462;223564;;29916;18657;475684;;28092;13056;272096;;32688;20553;4505425;;16497;8503;204108;;31680;19813;494499;;24265;11215;2496410;;
6000;;32805;20487;540186;;17345;9063;198547;;34047;21312;548432;;19967;10674;226460;;33084;20611;574080;;23417;16705;285602;;32922;20657;6474243;;17323;7823;201292;;33012;20577;3489295;;26122;12181;264793;;33021;20639;532150;;20434;4751;166917;;33147;20781;4563886;;26830;9511;248692;;32940;20516;522041;;13416;8495;174973;;33282;20854;527231;;29341;19633;340577;;33255;20862;537821;;12342;8340;169091;;
6100;;34011;21273;576364;;17976;5683;164372;;33786;21094;532872;;10911;7364;146748;;33507;20928;538482;;25348;18115;316461;;33984;21271;561186;;26638;15481;298106;;33741;21177;539354;;14716;10537;183308;;34353;21593;544454;;18032;8023;195742;;34263;21537;558811;;26464;11894;288658;;33903;21247;540656;;20423;7165;196874;;33471;20945;526129;;10647;5553;2585740;;34083;21306;541268;;21411;8064;196263;;
6200;;33831;21174;550575;;23833;9619;233223;;33984;21360;544784;;13913;6220;166627;;34371;21528;4495545;;23729;11132;254303;;31104;19474;483909;;23239;12863;265244;;34776;21854;546047;;11536;4925;133002;;34425;21447;8442500;;21582;13083;248602;;34416;21513;546939;;9829;3859;109679;;34767;21826;546458;;25168;14411;304899;;33867;21168;531189;;17366;8177;185022;;34434;21472;545626;;13661;6076;171666;;
6300;;35361;22191;576574;;12643;6835;168109;;35307;22218;606732;;25045;11010;259913;;35568;22187;584660;;20023;3931;144494;;35703;22380;4561681;;27266;20033;339735;;35307;22127;553100;;39118;20964;403706;;35046;22029;557638;;12106;5195;144925;;33291;20873;4497069;;18430;8532;184029;;34506;21534;559923;;37325;12588;303877;;35064;21875;557889;;20535;11948;235046;;35343;22208;581284;;26283;9568;244966;;
6400;;35775;22462;616971;;23244;10092;213305;;35055;21929;546968;;12257;5872;160555;;35613;22318;586203;;26101;11039;244925;;35568;22420;586233;;29626;17484;327422;;35712;22448;566446;;28629;8634;317253;;35271;22062;10059710;;21438;12255;254824;;35460;22161;564752;;20799;10685;237831;;36054;22519;3491659;;21931;10873;250414;;35991;22640;600681;;33248;11325;283488;;35298;22048;8470784;;42185;20816;390321;;
6500;;36234;22750;577918;;21657;5343;182186;;35703;22382;608235;;18492;12120;241939;;36243;22693;587495;;27294;18605;317853;;36315;22699;3156784;;19682;11554;267268;;35892;22379;617312;;18580;11946;224216;;36333;22856;581645;;15956;6530;174231;;35127;21812;546427;;31725;12258;277807;;36216;22675;601983;;19722;12438;253041;;36081;22593;574691;;27552;18021;340026;;35901;22471;572006;;23376;12656;262148;;
6600;;36792;23110;606572;;15776;9300;214617;;36684;23010;2609926;;39347;17078;374591;;36684;22937;574932;;16884;8912;207433;;36387;22722;4535732;;34263;16216;331520;;33741;21090;549182;;17043;9600;207985;;37287;23416;5529639;;14420;9639;192295;;36216;22633;591713;;13961;7410;191594;;36648;22970;583518;;28938;17515;307634;;36801;23069;612724;;17018;9228;219677;;36828;23055;6721131;;13651;5814;169672;;
6700;;37395;23393;598015;;28925;18505;1830616;;32958;20571;539164;;15107;9022;190461;;37503;23452;613325;;30305;16192;321941;;37998;23860;651718;;21688;11464;234265;;36999;23085;581074;;24568;13383;5058394;;37719;23643;602444;;11649;7314;153462;;37602;23442;615118;;21495;15025;274481;;36405;22849;588978;;30911;14838;311772;;37377;23477;594779;;12133;6868;152670;;37548;23508;593397;;15417;6205;172708;;
6800;;36477;22777;588147;;23299;7971;221951;;38385;24036;651577;;21653;10985;246809;;37908;23789;4595515;;18654;9559;230137;;37629;23698;601151;;20387;5543;207775;;38394;24020;663650;;19750;11376;240957;;38025;23818;653040;;19036;11196;237421;;37296;23329;608125;;22533;15496;265584;;37881;23748;641338;;17938;9258;208556;;38277;23943;657308;;15797;8383;184169;;38421;24137;4758478;;14387;6489;258050;;
6900;;37746;23609;715559;;17677;9281;218054;;38196;23979;633954;;35095;20461;359553;;38070;23826;627462;;26336;15116;307504;;38655;24195;630778;;18993;10363;240186;;37872;23639;603396;;33473;11217;276475;;38916;24401;10090899;;12988;8856;218695;;38700;24298;644954;;30469;12582;294809;;38277;23952;3568806;;21152;11161;247550;;37719;23546;599459;;23451;15083;297254;;38466;24114;3351814;;25189;8698;218194;;
7000;;39069;24422;635316;;30409;17578;312163;;39222;24630;3463566;;24530;9519;285913;;38763;24196;605510;;19521;6968;222924;;39402;24622;634755;;18089;7496;197445;;36981;23089;569220;;18918;10801;237631;;38520;24080;615919;;27055;13064;277396;;38844;24347;609838;;15676;5315;140026;;38943;24376;645125;;15185;6532;180262;;39285;24541;616701;;29034;15364;312443;;37701;23549;593737;;14983;8917;195862;;
7100;;39582;24757;655304;;24430;15439;306813;;38592;24009;621240;;17128;7513;2419864;;39303;24568;658490;;34787;21340;379040;;35451;22061;557699;;24292;11450;256126;;39645;24870;635857;;18679;12935;248712;;37161;23157;4861942;;18636;9559;235247;;39213;24504;4767412;;26824;16073;318515;;39978;25018;629215;;17561;10748;243132;;39807;24893;628573;;16907;5899;195512;;40329;25340;1099658;;17499;12294;226991;;
7200;;40302;25136;643693;;18887;10079;229265;;39456;24732;613595;;24571;8919;262619;;40041;24990;8646948;;23691;10229;253612;;40437;25406;3931513;;17441;4954;159133;;40401;25222;646658;;30772;18474;399579;;39582;24694;617022;;26153;9333;239114;;40266;25220;646267;;24869;8725;236509;;40392;25241;2299537;;27327;6554;237211;;39537;24653;639204;;29930;18902;7944133;;40509;25357;651988;;34950;20517;374031;;
7300;;40581;25477;660143;;17327;8619;188077;;40338;25254;632090;;17894;8716;1340626;;40968;25609;699718;;18760;7195;202655;;40995;25655;666606;;27104;12375;286514;;41031;25601;648401;;45568;26124;480302;;41769;26172;668509;;21032;10968;272447;;37530;23479;611190;;36481;23351;383147;;41553;26005;651888;;17579;10523;218995;;40437;25243;639564;;22212;10886;2318903;;41121;25779;668339;;26200;14545;300941;;
7400;;41958;26270;690180;;26455;17289;325708;;39969;24900;653891;;37890;23622;403596;;37899;23619;592655;;21293;7581;232742;;41427;25937;4117097;;40591;19966;443842;;41868;26149;2674398;;15339;8914;209217;;41589;25984;3907459;;39301;17371;446328;;40608;25392;4128258;;26893;16244;340788;;39474;24610;624104;;33744;16806;338142;;40635;25316;673138;;25465;11861;269031;;41409;25962;654783;;14653;4739;141969;;
7500;;42138;26497;687245;;15736;10422;205541;;42561;26664;681994;;12984;5209;152689;;41895;26144;638171;;14612;3967;127291;;42129;26454;3484456;;29900;15566;334245;;41490;25905;688246;;21941;12404;278419;;41607;25923;645666;;27344;16068;8597785;;41976;26260;675723;;19362;12596;230597;;41679;26022;2695829;;20953;7433;215209;;41967;26233;695361;;22619;11932;268539;;42435;26518;3066242;;33263;10366;294820;;
7600;;41481;25868;2281201;;28854;11492;295752;;40626;25372;2449110;;42039;23823;485452;;42624;26621;685742;;36800;22943;393788;;42822;26816;690200;;39542;26845;465604;;42678;26654;669170;;30939;17183;4337235;;38511;23941;589970;;29428;15162;325799;;42525;26559;668800;;29046;21843;372487;;42138;26395;652089;;30869;12253;285793;;42282;26350;705048;;22545;14145;269551;;42570;26555;669521;;12914;4554;136029;;
7700;;43461;27275;1889438;;17833;10277;223754;;43128;26955;700751;;21079;7947;220008;;42705;26638;684299;;22880;12899;286414;;43506;27230;678258;;20393;12398;2591371;;43290;27101;689800;;29754;17164;355425;;43263;27047;674681;;20148;12157;6160266;;43308;27022;691754;;38748;22222;420629;;42300;26469;1638882;;26244;9927;271666;;43335;27074;673549;;28582;15763;345446;;41967;26244;5624639;;23008;8501;241398;;
7800;;42075;26170;661646;;13033;5309;151728;;43497;27060;3714693;;30975;17233;336619;;43839;27411;693026;;31975;16598;358250;;43857;27424;6498098;;14758;6524;177337;;42894;26766;670373;;16478;9774;2442437;;43443;27370;711031;;26097;12683;271345;;43740;27385;726940;;18333;8119;206743;;43011;26776;7197897;;31385;14188;337210;;43641;27323;5191106;;23072;9591;227532;;43911;27644;721540;;28358;17368;2815856;;
7900;;41697;25974;663881;;22087;13156;288137;;44739;27892;717652;;38551;12022;337561;;43686;27352;2740233;;31465;20521;371596;;44487;27830;716620;;17122;9993;223655;;44433;27689;5747162;;16604;7893;211712;;44469;27814;4547544;;39392;25491;441839;;44091;27491;5599151;;27662;18003;328704;;44829;27963;8309798;;35521;16577;388247;;39375;24418;603506;;29939;19500;5836412;;44361;27705;719106;;27036;16692;313315;;
8000;;45126;28301;721931;;34087;3965;184461;;45099;28176;752920;;23580;12808;256427;;45243;28266;2717279;;22161;15983;280303;;44991;28103;726239;;27109;6968;209408;;44559;27897;706140;;24686;15880;323915;;44478;27799;691754;;29779;11828;2903062;;44235;27677;4705364;;24269;6544;202314;;44442;27722;694860;;27082;12816;3137597;;44118;27572;709958;;35773;29097;469521;;45666;28570;732861;;16665;9043;226811;;
8100;;45675;28612;766996;;27850;12090;297695;;44640;27876;2688204;;25001;11566;276255;;45387;28239;718695;;28147;7996;247870;;45387;28349;727171;;30196;10910;283418;;45729;28511;732531;;46099;23088;443702;;45306;28278;733082;;30352;19075;338452;;44595;27854;730698;;23431;9328;229446;;45729;28530;738472;;34568;22553;403065;;46377;29099;746157;;28764;15197;305680;;45324;28154;725006;;36266;11122;289800;;
8200;;45540;28446;725507;;26068;15679;326610;;46053;28674;727081;;19389;8575;218204;;44019;27458;691604;;13737;4474;168860;;46089;28784;736929;;19884;9710;238694;;45900;28663;753060;;24210;16154;318285;;46053;28601;4689564;;28392;17818;321751;;41697;25887;4781869;;33657;18187;334375;;46062;28751;722792;;36679;23013;432170;;46350;28958;742530;;24097;11591;1858078;;45954;28706;720397;;30558;15782;335387;;
8300;;46638;29168;753650;;24556;13141;291393;;46197;28765;727080;;15101;5169;159923;;47088;29511;748100;;21238;12779;2572524;;46845;29271;764081;;21042;7714;225708;;47007;29254;3733679;;25138;10450;268730;;45369;28325;780111;;43318;22156;419456;;46647;29203;742440;;27838;15705;323244;;45810;28528;742950;;29689;18437;360073;;46602;29212;732361;;21811;13849;331900;;46638;29103;757699;;36590;24242;413986;;
8400;;45981;28753;772707;;15519;7212;195131;;45216;28168;3069508;;28440;14589;324265;;47223;29427;747559;;32864;20614;362348;;46836;29131;768920;;21069;13894;278599;;47484;29694;2781762;;24617;9872;265013;;47097;29397;757669;;22680;10623;289349;;46512;28963;743902;;38333;24012;434264;;46386;28903;766666;;31952;18150;364151;;46755;29190;5960918;;23264;9878;265975;;47178;29480;771304;;33168;10268;291273;;
8500;;47439;29573;751818;;21899;8466;2247327;;48231;30112;751216;;34471;16745;372478;;47844;29884;5694833;;22953;12776;282716;;47268;29529;741197;;23087;14420;310339;;48285;30090;779871;;25769;13106;284790;;47439;29468;748151;;24375;8413;264653;;46872;29373;745235;;28590;14366;303566;;47376;29529;773398;;57477;28075;502224;;46620;29040;716841;;31789;17116;363050;;47871;29855;790681;;25236;13390;301292;;
8600;;47394;29483;762898;;45587;33469;2596490;;49194;30614;816330;;33242;16060;321431;;47502;29415;753620;;22378;14037;275533;;47520;29664;3752855;;16906;10981;229245;;48078;30042;758721;;27200;7885;242831;;48006;29975;766535;;26321;7966;216712;;48159;30075;765674;;34826;16683;360394;;48780;30450;769531;;30073;9659;278459;;48060;29866;762588;;29220;14159;337140;;48276;30027;746497;;23688;14256;4288914;;
8700;;48465;30153;778899;;28494;14539;2015386;;48987;30468;777556;;23940;11219;286364;;48987;30582;779029;;23561;11865;1904486;;48537;30385;5821414;;40817;16225;394059;;48375;30060;761285;;21306;9516;260054;;48420;30114;767197;;26666;10457;283488;;48483;30180;782606;;40031;15202;363821;;49041;30478;771284;;41318;21893;444664;;48897;30502;4402369;;22505;14738;333503;;48834;30442;779400;;26020;14546;323864;;
8800;;48942;30471;2976231;;39867;22337;445847;;48816;30401;759722;;20845;8679;3533609;;49068;30598;1852978;;16964;5204;162299;;49266;30728;784720;;40042;11247;321451;;46557;28902;736809;;40813;20393;405029;;49149;30701;790450;;16637;10148;219216;;49140;30593;780573;;18734;5563;181906;;48762;30312;807242;;30020;20288;9318573;;48348;30013;8676043;;27360;12799;311331;;49770;31118;12583603;;30971;9999;288187;;
8900;;50517;31602;816050;;42728;15317;393146;;49410;30817;2912951;;54823;26270;540787;;50364;31336;803506;;20867;8926;237140;;50508;31431;805339;;34604;11457;326681;;47682;29710;751647;;31723;16832;365554;;49761;31181;1293126;;30519;13161;328834;;46746;29047;706853;;34059;13261;366075;;50157;31218;901141;;23607;10526;267608;;50301;31356;814055;;26132;13673;306683;;49959;31175;790821;;38154;14918;365194;;
9000;;50535;31567;845706;;43714;15515;3054039;;49455;30857;2791239;;25395;12228;301873;;49878;31134;817573;;27696;17386;371997;;49986;31120;781564;;24593;10810;266987;;50517;31580;11818850;;52958;31903;582165;;50859;31729;1000880;;14498;9093;192275;;50571;31577;1858519;;26728;8714;373329;;50589;31598;806091;;22770;10381;276034;;50454;31527;2197943;;27242;16369;325097;;49779;30975;850455;;39632;22551;429406;;
9100;;51264;31948;829816;;30754;16859;363440;;48879;30389;772687;;32627;9935;303877;;51156;31747;800380;;24671;8714;247971;;51255;31940;808314;;46154;9877;339084;;50661;31622;9503113;;29740;21524;375583;;51183;31994;3646413;;28784;14244;332802;;50958;31796;859552;;23450;13647;290141;;50121;31167;793436;;41300;18328;380863;;46404;28796;749994;;25865;15575;342239;;51264;31947;839404;;25896;13089;314076;;
9200;;51957;32483;863399;;35247;16728;421220;;52425;32770;829975;;35478;18967;480292;;47007;29219;736589;;17761;4956;163671;;51588;32148;817041;;32356;15721;3636575;;52002;32494;2562645;;31408;14078;351478;;50436;31419;786974;;14817;8309;192987;;51849;32352;839714;;27716;13662;302193;;52173;32556;870162;;28241;17619;1402373;;51336;31863;848080;;72347;33074;628714;;51660;32212;851837;;25949;14082;313785;;
9300;;52650;32856;835827;;21696;14812;287486;;52506;32770;843331;;46234;13632;388979;;52398;32736;836899;;25508;13069;310019;;51930;32328;10892201;;42092;12896;362718;;52767;32881;843591;;21929;13268;9049943;;51507;31937;810780;;38488;25161;451297;;52758;32845;4931184;;25500;14861;372858;;51948;32382;2854801;;30995;14919;341298;;52740;32809;847359;;47838;26872;505490;;53010;32980;818935;;20807;9828;4721164;;
9400;;53172;33092;836157;;41742;23015;443422;;49860;30969;782125;;25858;9739;279090;;52767;32987;861836;;37363;12913;353361;;53361;33209;838773;;40791;19968;8287315;;52650;32909;830627;;37050;22230;414036;;53055;33003;828634;;38223;19229;422642;;53055;33055;4846342;;36732;13723;354252;;52695;32707;4807809;;46076;19888;441578;;52965;33021;852138;;28683;18867;418745;;53307;33317;846066;;21417;11741;273629;;
9500;;53451;33254;860263;;25470;19523;321992;;53640;33492;847520;;44890;24260;485141;;53676;33401;871455;;22444;12946;298006;;53748;33367;858660;;29291;13019;304167;;53991;33579;2358398;;29895;15437;359703;;53316;33128;854833;;28973;15389;312023;;54135;33672;13108740;;30842;11641;323585;;53532;33465;852990;;28132;7189;254693;;53451;33396;885531;;32102;16653;376324;;53325;33270;932941;;27558;17673;417933;;
9600;;53910;33456;848962;;26472;8678;259523;;53892;33504;830997;;21366;7076;241228;;54693;34151;861226;;32966;14505;339234;;54018;33669;2491962;;28124;22103;362218;;53541;33398;844133;;23219;15919;309859;;54558;34118;907934;;20577;8277;243803;;53460;33260;4840281;;25253;8195;254914;;54153;33754;847289;;31080;18613;378769;;49392;30710;9587534;;25179;11790;302173;;49689;31028;808906;;31978;19180;380443;;
9700;;55044;34341;874360;;22620;13814;298376;;52353;32500;8440145;;24827;10802;294029;;54585;34022;860884;;43195;26413;501722;;53766;33481;12625592;;31343;11263;312193;;54864;34140;4619581;;27359;14737;388056;;54306;33863;875843;;25587;12154;4282621;;55431;34583;10049982;;44132;19598;439354;;53667;33357;858770;;55926;21113;452049;;55080;34386;862127;;25464;9123;261657;;53568;33312;849253;;22241;8785;241068;;
9800;;54738;34018;7772587;;33091;16871;381574;;55656;34763;877116;;18459;7772;215810;;55260;34315;930437;;28976;16213;363189;;54522;33894;851196;;52807;32696;10277975;;55656;34539;893978;;19084;8595;235618;;55377;34569;894388;;44610;16271;424366;;55431;34443;883207;;25717;7600;243362;;55341;34453;892595;;40714;22363;449935;;55548;34687;4877330;;27803;12926;360013;;54405;33768;857247;;42413;13337;358621;;
9900;;55989;34919;2972203;;23830;10505;276255;;56043;34971;870042;;14660;8572;183138;;55935;34841;894328;;51889;19635;452549;;54531;33896;883087;;31500;18333;389169;;56016;35007;857137;;31681;10469;12160690;;55827;34811;879881;;42651;19460;3419613;;54882;34117;851226;;32520;14861;370122;;56178;35084;886754;;32519;18585;397765;;55935;34851;3469979;;33999;14731;396292;;55584;34723;12354507;;35718;28628;507183;;
10000;;56493;35167;875773;;22762;11620;307514;;55971;34873;7523205;;33631;12398;361717;;56592;35326;906021;;31409;21145;391683;;56898;35513;10765271;;39845;20851;413986;;56889;35394;876054;;42168;25334;471946;;53973;33590;902874;;28513;21226;386364;;56214;35079;885000;;28649;13920;316722;;56124;34990;894849;;45830;19026;433674;;56583;35256;4945510;;30951;18304;378028;;57060;35580;910910;;35913;18169;415599;;
